 0.001 0.
 0.002608183 0.
 0.0026146029999999996 1.550525E-8
 0.002621022 3.068061E-8
 0.002627442 5.604065E-8
 0.0026338620000000003 9.449224E-8
 0.002640281 1.470764E-7
 0.002646701 2.113215E-7
 0.002653121 2.80284E-7
 0.002659541 3.431679E-7
 0.00266596 3.878547E-7
 0.00267238 4.046555E-7
 0.0026788000000000003 3.897227E-7
 0.002685219 3.464814E-7
 0.002691639 2.843531E-7
 0.002704479 1.506525E-7
 0.002710898 9.725599E-8
 0.002717318 5.795761E-8
 0.002723738 3.188296E-8
 0.002730157 1.619052E-8
 0.002736577 0.
 0.0029082080000000002 0.
 0.002915366 1.350292E-8
 0.002922525 2.671856E-8
 0.0029296829999999998 4.880363E-8
 0.002936841 8.228963E-8
 0.0029439989999999997 1.280831E-7
 0.0029511570000000003 1.840317E-7
 0.002958315 2.440885E-7
 0.002965474 2.988517E-7
 0.0029726320000000002 3.377677E-7
 0.00297979 3.523988E-7
 0.002986948 3.393944E-7
 0.002994106 3.017372E-7
 0.003001265 2.476322E-7
 0.0030155810000000003 1.311974E-7
 0.003022739 8.469648E-8
 0.003029897 5.047304E-8
 0.003037055 2.776564E-8
 0.003044214 1.40997E-8
 0.003051372 0.
 0.0035987809999999997 0.
 0.0036142820000000003 1.540923
 0.003616496 1.758809
 0.003625354 3.212609
 0.003629709 4.294985
 0.0036342120000000004 6.314255
 0.00364307 11.0773
 0.003648694 14.67469
 0.003657628 21.62602
 0.003668656 32.08699
 0.003683314 47.05114
 0.0036928060000000003 55.28829
 0.003703127 60.84487
 0.003710578 62.32996
 0.00371987 60.0319
 0.003729589 53.48523
 0.003741961 41.17249
 0.003754786 27.17421
 0.0037637200000000003 18.58948
 0.003772654 11.52557
 0.0037759390000000003 9.522162
 0.0037815880000000002 6.662992
 0.003790523 3.665366
 0.0038039239999999998 0.931751
 0.0038083910000000004 0.
 0.004670238 0.
 0.0046817329999999996 2.21401E-15
 0.004693228 4.38091E-15
 0.0047047239999999995 8.00209E-15
 0.004716219 1.34926E-14
 0.004727713999999999 2.10011E-14
 0.004739209 3.01747E-14
 0.0047507040000000006 4.0022E-14
 0.0047622 4.90012E-14
 0.0047736950000000005 5.53821E-14
 0.00478519 5.77811E-14
 0.004796685 5.56488E-14
 0.0048081800000000004 4.94743E-14
 0.004819676 4.0603E-14
 0.004842666 2.15118E-14
 0.004854161 1.38873E-14
 0.004865656 8.27581E-15
 0.004877152 4.55259E-15
 0.004888647 2.31186E-15
 0.004900142 0.
 0.005467708999999999 0.
 0.005477167000000001 0.02769399
 0.0054946249999999995 0.1886864
 0.005504129 0.2935095
 0.005509274 0.3746637
 0.0055176109999999995 0.5221618
 0.0055310920000000005 0.8586263
 0.005545648 1.346682
 0.005582556999999999 2.760211
 0.005590747 2.992421
 0.0056042800000000005 3.212026
 0.005613218 3.227696
 0.005627041 3.022936
 0.005644589 2.472461
 0.005673457 1.336696
 0.0056830380000000005 1.00194
 0.005692868 0.7131696
 0.0057063489999999994 0.4199538
 0.005713193 0.3193359
 0.005719831 0.2284418
 0.005736871 0.06605624
 0.005746793 0.000002438281
 0.005753685000000001 1.527987E-7
 0.0057544530000000005 0.
 0.006115553 0.
 0.006119584 0.002512914
 0.0061456589999999995 0.05479129
 0.006149709000000001 0.06448532
 0.006160711 0.100923
 0.006164772 0.1165213
 0.006179835 0.1944919
 0.0061948969999999996 0.2998701
 0.006237892 0.6660447
 0.006255147 1.198306
 0.006268599999999999 1.555596
 0.006284977000000001 2.217524
 0.006300335000000001 3.110163
 0.006317214 4.46405
 0.006355813 8.197857
 0.006371864 9.475272
 0.00638017 9.858361
 0.006392256999999999 10.10714
 0.00640869 9.58171
 0.006427213 8.107549
 0.006468199 3.802437
 0.0064835529999999995 2.506144
 0.0064989060000000005 1.570743
 0.006506998 1.255095
 0.00651426 1.070236
 0.006539031 0.848562
 0.006544968 0.8557797
 0.006556048 1.165583
 0.006572376 1.793879
 0.006590334 2.733655
 0.006638538 5.755019
 0.006655049 6.456694
 0.006669886999999999 6.734541
 0.006688025 6.483852
 0.006702334 5.92342
 0.0067310849999999995 4.14635
 0.006747241 3.065976
 0.006763257 2.136382
 0.006779311 1.407413
 0.0067954040000000005 0.8920071
 0.006813163 0.5274067
 0.006827322 0.261518
 0.006859777 0.1699269
 0.0069694859999999996 0.1588838
 0.007027609 0.1495302
 0.0073679950000000004 0.1212436
 0.007783633 0.09322818
 0.008085348999999999 0.07701411
 0.008125152 0.2256559
 0.008145053000000001 0.3492034
 0.008166197 0.5530569
 0.008187624 0.8388939
 0.008245802 1.767627
 0.008265703 1.977573
 0.008285604 2.049461
 0.008305505000000001 1.966634
 0.008326038000000001 1.73704
 0.008375917 0.9305967
 0.008385374999999999 0.8028883
 0.008403766 0.6053534
 0.00841715 0.5078421
 0.008423667 0.4690639
 0.008437766 0.4345286
 0.008443568 0.4306931
 0.008458381999999999 0.4630306
 0.008478999000000001 0.5510648
 0.008485167 0.5957503
 0.008540847 1.177797
 0.008564041 1.337355
 0.008584657 1.386364
 0.008605273 1.332498
 0.00862711 1.174505
 0.008685161 0.5679864
 0.008705778 0.3875798
 0.008726394 0.2534424
 0.008736246999999999 0.2209932
 0.00874701 0.1912431
 0.008770722000000002 0.1620815
 0.008788291 0.1579497
 0.008792204 0.165918
 0.008798165 0.1847209
 0.008813686 0.2408747
 0.008835169 0.3468732
 0.008895655 0.7179421
 0.008921097999999999 0.829567
 0.00894258 0.8618996
 0.008967530999999999 0.8159929
 0.0089943 0.6893766
 0.009028508999999999 0.4820141
 0.009053888 0.3731874
 0.009071474 0.3162979
 0.009091515 0.2973859
 0.009114437999999999 0.3355087
 0.009139455 0.4436188
 0.009158155999999999 0.5457156
 0.009202583 0.8642808
 0.009227778999999998 0.9851625
 0.009252778 1.024024
 0.009275480999999999 0.9897888
 0.009304495 0.8746565
 0.009347861 0.6669268
 0.009367198 0.5993443
 0.009383325 0.557473
 0.009405545 0.5327953
 0.009427766 0.5372296
 0.009472208000000001 0.5840362
 0.009518266000000001 0.6830983
 0.009556997000000001 0.7244808
 0.009601878 0.7165427
 0.009668372 0.6662458
 0.009765442 0.6541953
 0.009965718 0.6946027
 0.01161232 0.8533096
 0.01451 1.227216
 0.02 2.076081
 0.02960798 3.767382
 0.04746 7.056821
 0.05843386 8.614275
 0.06914438 9.677938
 0.06957215 10.11652
 0.06999778 11.16312
 0.07056653 12.81909
 0.07090369 12.88392
 0.07138418 11.62911
 0.07178714 10.5553
 0.07220132 10.18736
 0.07257295999999999 10.38257
 0.07325979 11.28161
 0.07367325 11.26342
 0.0744652 10.5456
 0.07522546000000001 10.84419
 0.07607451999999999 11.09875
 0.07727115 11.22937
 0.07871088000000001 11.66878
 0.10746080000000001 11.19402
 0.1159471 11.26361
 0.1183598 11.72972
 0.12171069999999999 11.61876
 0.154 11.46646
 0.23965 9.492973
 0.335931 7.279037
 0.4062246 6.054623
 0.4968648 4.885554
 0.5982649999999999 3.948756
 0.7003311 3.263322
 0.8380601 2.597729
 0.9141503 2.337046
 0.9194983 2.436014
 0.9233825 2.663739
 0.9263433999999999 3.005346
 0.9292257 3.533261
 0.9323159 4.341678
 0.9364626 5.758237
 0.9464634 9.481966
 0.9587 13.11248
 0.9657 14.71302
 0.974065 15.78656
 0.98825 16.14601
 1.066391 14.41013
 1.08272 14.98594
 1.095717 15.38897
 1.3056299999999998 12.18626
 1.511947 9.898899
 1.752024 7.947662
 2.028747 6.345897
 2.312397 5.157831
 2.6506030000000003 4.13596
 3.0191369999999997 3.338937
 3.442509 2.67996
 3.889402 2.179174
 4.365158 1.787033
 4.923591 1.449201
 5.535094 1.180163
 6.241123 0.9539244
 6.989961 0.7792372
 7.841064 0.6337182
 8.692814 0.5268019
 8.746757 0.5360794
 8.779779 0.5711474
 8.801296 0.6228005
 8.81998 0.697449
 8.83625 0.7920645
 8.854666 0.9399241
 8.875563 1.163352
 8.905244 1.578721
 8.97749 2.766883
 9.012309 3.21039
 9.044674 3.477874
 9.100442000000001 3.669332
 9.287451 3.626987
 10.627320000000001 2.943309
 12.0625 2.389422
 13.52515 1.974253
 15.3185 1.595799
 16.958009999999998 1.33839
 18.72868 1.123216
 21.24852 0.8961074
 23.64744 0.7373882
 26.1341 0.6130318
 29.25155 0.496578
 32.258700000000005 0.4126631
 35.94702 0.335551
 39.62413 0.2779527
 43.640859999999996 0.2302931
 48.0069 0.1909045
 54.071870000000004 0.1508941
 59.18936 0.1259052
 65.47121 0.1028912
 73.38719999999999 0.08161799
 81.17177000000001 0.06649822
 90.70987 0.05301276
 101.56020000000001 0.04206657
 112.8484 0.03388267
 123.9016 0.02797277
 136.4583 0.02295898
 149.5256 0.0190369
 162.66479999999999 0.0160151
 178.2303 0.01330156
 196.0274 0.01098003
 215.37890000000002 0.009083088
 235.049 0.00764211
 258.1815 0.006354258
 286.643 0.005195616
 315.05670000000003 0.004346018
 343.651 0.003700491
 382.2467 0.003054291
 423.1974 0.002559183
 469.0833 0.002152718
 520.2954 0.001822629
 588.8437 0.001509778
 674.1399 0.001245278
 767.3615 0.001052722
 888.6894 0.0008844982
 1022. 0.0007608614
 1228.7140000000002 0.0006272841
 1477.239 0.0005171578
 1776.0320000000002 0.0004263652
 2135.261 0.0003515123
 2567.148 0.0002898006
 3086.391 0.000238923
 3710.658 0.0001969775
 4461.192 0.000162396
 5363.532 0.0001338857
 6448.384 0.0001103806
 7752.6630000000005 0.00009100215
 9320.751 0.00007502576
 9760.024 0.00007149079
 10000. 0.0001429638
