 0.001 -4.965964
 0.002532893 -4.714125
 0.003169598 -4.38864
 0.0034036509999999997 -4.057542
 0.003489869 -3.746271
 0.003533379 -3.402186
 0.003553008 -3.101849
 0.003585811 -2.135461
 0.003598445 -1.776628
 0.003606299 -1.664997
 0.003613262 -1.730808
 0.003619182 -1.887449
 0.0036252149999999998 -2.158977
 0.0036296170000000003 -2.464247
 0.003638019 -3.207068
 0.003655623 -5.10329
 0.0036673879999999997 -3.972303
 0.003675499 -3.504589
 0.003682428 -3.250204
 0.003690048 -3.15863
 0.0036997080000000003 -3.286558
 0.003745758 -4.639119
 0.003781363 -5.091585
 0.0037966740000000003 -5.057139
 0.0038911020000000004 -4.661373
 0.00452164 -3.443824
 0.004698186 -2.913844
 0.004794416 -2.495295
 0.004871395 -2.022335
 0.004919447 -1.610291
 0.004953048999999999 -1.220166
 0.00497556 -0.8773775
 0.004986982 -0.6635459
 0.004995548999999999 -0.4774618
 0.005001974 -0.3183988
 0.0050067919999999995 -0.1846149
 0.005010406 -0.07368351
 0.005015827 0.1166386
 0.005018538 0.228388
 0.005019893 0.2916328
 0.005025084 0.5747625
 0.005028176 0.7229368
 0.0050417149999999996 1.276838
 0.005062189999999999 2.289049
 0.005074942999999999 2.837231
 0.005085084 3.100429
 0.005091302000000001 3.115843
 0.0050992960000000006 2.969919
 0.005106458 2.691058
 0.00511244 2.334096
 0.005117247 1.945211
 0.005120132 1.631156
 0.005127084 0.8295784
 0.005129787 0.4942928
 0.005131139 0.3091693
 0.005131815 0.2083555
 0.005133263 -0.03985364
 0.005134712 -0.2541916
 0.005142315 -1.323557
 0.005144533 -1.684252
 0.0051459850000000005 -1.956081
 0.005156979 -3.575217
 0.005161071000000001 -4.191796
 0.005170041 -5.309801
 0.005177869999999999 -4.562608
 0.005187388 -3.98748
 0.005196332 -3.678515
 0.005204156 -3.617392
 0.005218374 -3.968601
 0.0052480420000000005 -5.30544
 0.005269163 -4.489252
 0.00528181 -4.035611
 0.005357939 -2.579647
 0.0054086920000000005 -1.547473
 0.005469662 -0.3600889
 0.005494558 0.158276
 0.005516340999999999 0.6479669
 0.005535402 1.113207
 0.005552081 1.555284
 0.005579444 2.370782
 0.005608948 3.417627
 0.005635146 4.554894
 0.005659356 5.869983
 0.0056896410000000005 8.075604
 0.005717580000000001 10.73678
 0.005742477 13.80621
 0.0057610709999999996 16.7945
 0.005769677 18.79764
 0.005778396999999999 21.40168
 0.005801934 26.55366
 0.005817920999999999 30.6126
 0.00583524 33.95589
 0.005848298 34.69816
 0.005860375 32.83902
 0.005870656 29.40333
 0.005880612 24.20484
 0.00588522 20.69245
 0.005896998 10.8054
 0.005900169 7.696137
 0.005901254 6.4298
 0.005902068 5.359317
 0.005903709 3.564609
 0.005905198 2.040105
 0.00591163 -4.396559
 0.005912717 -5.520342
 0.005914805 -3.177151
 0.005915563 -2.186259
 0.005915786 -1.838549
 0.0059162220000000005 -1.268615
 0.005916647 -0.7530807
 0.005917059 -0.274549
 0.005917857 0.6149942
 0.0059186049999999995 1.417938
 0.005921236000000001 4.103468
 0.005928756 11.57912
 0.005931135 14.35343
 0.0059366309999999995 19.35564
 0.0059460189999999994 27.06042
 0.005955269 32.46179
 0.005965635 36.36764
 0.005977613 38.63293
 0.005986674 38.39765
 0.006000885 35.74824
 0.006029306 26.99594
 0.0060567220000000005 19.233
 0.006063614 17.07848
 0.006075183 14.77449
 0.006086397 13.17529
 0.006102740000000001 11.49841
 0.006125954 9.903834
 0.006220873 5.278831
 0.0062482480000000005 4.254148
 0.0062767000000000005 3.532205
 0.006367431 2.112307
 0.006408523 1.569049
 0.006456288 1.059311
 0.006499929000000001 0.6724054
 0.0065268900000000005 0.471439
 0.006563816 0.209361
 0.006599061 -0.00551258
 0.006603013 -0.02915902
 0.006614207 -0.1004033
 0.006624138 -0.1587388
 0.0066457980000000005 -0.2725759
 0.006662384 -0.3612774
 0.006716472 -0.6083312
 0.006774921 -0.839675
 0.00686358 -1.125358
 0.006977538 -1.418218
 0.0071219000000000005 -1.705523
 0.0073866669999999995 -2.074422
 0.007747558999999999 -2.387836
 0.008205137999999999 -2.62892
 0.009083668999999999 -2.877769
 0.01004714 -3.097344
 0.01021543 -3.256617
 0.01031552 -3.347899
 0.010384319999999999 -3.177334
 0.010471900000000001 -2.790922
 0.01052819 -2.703944
 0.01075247 -2.948356
 0.01120383 -3.162657
 0.01138308 -3.284392
 0.0114796 -3.104243
 0.01157612 -2.928389
 0.011683959999999998 -3.016692
 0.01182705 -3.166107
 0.01205599 -3.083515
 0.01508993 -3.022812
 0.02542802 -2.623468
 0.036734840000000005 -2.371472
 0.04990281 -2.226585
 0.07233484 -2.161293
 0.09554742 -2.235819
 0.1188332 -2.438719
 0.1371474 -2.723205
 0.1517878 -3.103905
 0.1622294 -3.555261
 0.16927789999999998 -4.051963
 0.17419810000000002 -4.605865
 0.1783152 -4.257613
 0.1806465 -3.830517
 0.18206830000000002 -3.369506
 0.1829971 -2.897169
 0.1836834 -2.376648
 0.1840504 -1.98198
 0.184306 -1.604757
 0.1844061 -1.38949
 0.1844384 -1.301198
 0.1845846 -1.024459
 0.1848639 -0.5960578
 0.1850908 -0.2573676
 0.18520430000000002 -0.0721538
 0.18526099999999998 0.02977059
 0.1853178 0.1516942
 0.18577169999999998 1.008787
 0.1858284 1.136872
 0.1862823 1.884116
 0.18638159999999998 2.003571
 0.1867362 2.284549
 0.18691000000000002 2.279477
 0.18719059999999998 2.0691
 0.1873639 1.787316
 0.18753140000000001 1.386932
 0.1877008 0.8406718
 0.1877859 0.5428665
 0.18784969999999998 0.3009805
 0.1878976 0.1068381
 0.18796939999999998 -0.2107908
 0.18800530000000001 -0.386494
 0.1880232 -0.4814838
 0.1880696 -0.7546804
 0.18833850000000002 -2.16938
 0.1884727 -2.991038
 0.1885686 -3.685062
 0.18890679999999999 -5.848719
 0.1889951 -5.170234
 0.18943770000000001 -2.471726
 0.1895319 -1.900166
 0.1896573 -1.265706
 0.1898967 -0.158454
 0.1899333 0.01892621
 0.19000430000000001 0.3040444
 0.1900708 0.538405
 0.19013339999999998 0.7373458
 0.1902501 1.061489
 0.1903525 1.301689
 0.1905203 1.615227
 0.1906574 1.800392
 0.1908374 1.945112
 0.1910109 1.961496
 0.1912626 1.753778
 0.1916136 1.269621
 0.19166149999999998 1.184252
 0.1917094 1.072821
 0.1921368 0.2191021
 0.1921955 0.0757496
 0.1922982 -0.1214573
 0.1926063 -0.6625996
 0.192673 -0.787405
 0.1927897 -0.9647137
 0.19296480000000002 -1.193239
 0.1934737 -1.775715
 0.19361540000000002 -1.986895
 0.1938032 -2.160245
 0.19404470000000001 -2.267224
 0.19445430000000002 -2.332179
 0.1966474 -2.079574
 0.1978087 -2.02014
 0.199 -2.034394
 0.20578139999999998 -1.913886
 0.2180769 -1.59327
 0.24068399999999998 -0.9571521
 0.250531 -0.7287923
 0.259116 -0.5665471
 0.2691535 -0.4130779
 0.276488 -0.3201684
 0.2853648 -0.2233649
 0.29326800000000003 -0.152034
 0.30229619999999996 -0.07881288
 0.30793139999999997 -0.04066767
 0.3119134 -0.01209673
 0.3158658 0.01150083
 0.31864529999999996 0.02812575
 0.3225948 0.04945229
 0.32691570000000003 0.07405702
 0.33812369999999997 0.1300631
 0.3475261 0.1698901
 0.3647726 0.2305829
 0.3826098 0.276527
 0.41107950000000004 0.3263988
 0.4430524 0.3574266
 0.4946668 0.3807241
 0.5714963 0.3797823
 0.8144581999999999 0.3061655
 1.040908 0.2401197
 1.256357 0.1928895
 1.488297 0.1554123
 1.7452329999999998 0.1252497
 1.98016 0.104592
 2.302007 0.08380344
 2.659116 0.06727337
 3.005865 0.05547129
 3.456464 0.04428199
 3.951324 0.03542529
 4.45723 0.02879724
 5.043736 0.02317043
 5.648303 0.01889463
 6.331027000000001 0.01530287
 7.124224 0.01222196
 7.862427 0.01007416
 8.799854 0.008015057
 9.726230000000001 0.006487599
 10.758230000000001 0.00519347
 11.89596 0.004106936
 13.129729999999999 0.003211058
 14.200529999999999 0.002602146
 15.41085 0.002050367
 16.56874 0.001623463
 18.069789999999998 0.00118184
 19.45936 0.000854219
 21.19976 0.0005165123
 22.11918 0.000363692
 23.02827 0.0002306233
 23.90674 0.0001160419
 24.433030000000002 0.00005328299
 24.9166 -9.176525E-7
 25.41583 -0.00005363918
 26.0016 -0.0001116999
 27.11216 -0.0002115942
 28.12734 -0.0002927576
 30.08079 -0.0004264391
 32.69616 -0.0005690961
 36.45855 -0.0007232321
 41.80097 -0.0008747961
 49.65735 -0.001015246
 62.21452 -0.001139085
 84.43681 -0.001238477
 135.7342 -0.001310883
 344.6226 -0.001349482
 1070.165 -0.001355835
 3231.848 -0.001356489
 9760.024 -0.001356561
 10000. -0.00135654
