 0.001 -8.001506
 0.003 -8.012308
 0.008367019 -7.916407
 0.009300336999999999 -7.564924
 0.009624912 -7.096145
 0.009774917999999999 -6.537786
 0.009847927999999999 -5.957373
 0.00991359 -4.869527
 0.009977462 -3.603705
 0.01000176 -3.32386
 0.01002074 -3.314864
 0.0100396 -3.549608
 0.010055040000000001 -3.935804
 0.0100663 -4.365669
 0.01008946 -5.532248
 0.01011603 -7.31729
 0.01013555 -8.657088
 0.01015816 -7.0934
 0.01017512 -6.047526
 0.010195010000000001 -5.102592
 0.01021214 -4.582685
 0.010232980000000001 -4.243174
 0.01025727 -4.213981
 0.01028499 -4.557919
 0.01037721 -6.366655
 0.010435419999999999 -7.130654
 0.01055744 -7.862161
 0.01085553 -8.617956
 0.01100441 -8.846014
 0.01198003 -7.992291
 0.012170440000000001 -7.50066
 0.012328740000000001 -6.547298
 0.01240208 -6.19097
 0.01246793 -6.292335
 0.012525620000000001 -6.796498
 0.0125746 -7.623082
 0.01265211 -9.384223
 0.01271124 -8.30382
 0.01276079 -7.9675
 0.01281617 -8.199094
 0.012938410000000001 -9.551055
 0.01308266 -8.240518
 0.01316361 -7.909104
 0.013233300000000002 -8.18555
 0.01336717 -9.508473
 0.0134401 -9.647058
 0.01359202 -9.340605
 0.01391741 -10.31328
 0.01410943 -11.25953
 0.014205440000000001 -11.0816
 0.01434102 -9.805232
 0.01456298 -7.11786
 0.01464022 -5.779034
 0.01467287 -4.96764
 0.014715240000000001 -3.543774
 0.01473034 -2.896155
 0.014782080000000001 -1.036619
 0.0147866 -0.846415
 0.01479225 -0.5841929
 0.014828480000000002 0.8014012
 0.01483301 1.001573
 0.01484094 1.260337
 0.014869239999999999 2.054233
 0.01487717 2.192672
 0.01488906 2.296304
 0.014905469999999999 2.365517
 0.014913969999999999 2.289706
 0.014921400000000001 2.158986
 0.01493359 1.832467
 0.01494354 1.465519
 0.01495101 1.128993
 0.01495661 0.8394699
 0.01496081 0.5993878
 0.01496711 0.1962032
 0.01497026 -0.03005052
 0.01499152 -1.795705
 0.01499945 -2.52887
 0.01500836 -3.494808
 0.01501296 -4.099
 0.01504066 -7.357171
 0.015057250000000001 -9.728009
 0.015060259999999999 -10.11252
 0.0150787 -7.757037
 0.015087960000000001 -6.316683
 0.01511833 -2.484093
 0.01512166 -2.023363
 0.01512577 -1.534805
 0.015129370000000001 -1.138455
 0.015135669999999999 -0.4891542
 0.015156830000000001 1.562779
 0.015161210000000001 1.943167
 0.015165330000000001 2.263175
 0.01517304 2.796592
 0.01518569 3.52303
 0.01520377 4.290906
 0.015222659999999999 4.764751
 0.01524287 4.900533
 0.01525816 4.825924
 0.01529496 3.995177
 0.01532853 2.796212
 0.01533572 2.485695
 0.01537195 1.149279
 0.01540079 0.1061604
 0.015406240000000002 -0.09603708
 0.015434870000000002 -1.024212
 0.01543964 -1.19211
 0.01545334 -1.730412
 0.015471180000000001 -2.221851
 0.015497880000000002 -2.791904
 0.015533370000000001 -3.38182
 0.01558635 -4.049376
 0.01567398 -4.829582
 0.0158125 -5.627292
 0.01601627 -6.328199
 0.01634605 -6.945386
 0.01702903 -7.492235
 0.01853152 -7.775108
 0.0234275 -7.417911
 0.025907430000000002 -7.283283
 0.026370479999999998 -7.346022
 0.02681713 -6.74216
 0.027784279999999998 -6.980353
 0.028468030000000002 -6.79166
 0.04230412 -4.907218
 0.05 -4.051973
 0.05851084 -3.323414
 0.06726589999999999 -2.787465
 0.0765156 -2.39784
 0.08709636000000001 -2.102732
 0.09942597 -1.891171
 0.11347030000000001 -1.75081
 0.1369908 -1.641763
 0.1742967 -1.611715
 0.232282 -1.696342
 0.3102582 -1.930077
 0.3730065 -2.234517
 0.4171631 -2.577415
 0.44743 -2.949504
 0.4695441 -3.382135
 0.47664989999999996 -3.577093
 0.493522 -3.51113
 0.5010187 -3.328683
 0.5058989 -3.031076
 0.5084559 -2.721891
 0.5099614 -2.411436
 0.5105788 -2.18889
 0.5114489000000001 -1.894458
 0.5129351 -1.468593
 0.514506 -0.8966067
 0.5156057 -0.5729868
 0.5157627 -0.5197229
 0.5160377 -0.4624305
 0.5170195000000001 -0.3415614
 0.5172943999999999 -0.3444991
 0.5175006000000001 -0.3624472
 0.5178098 -0.4088179
 0.5182788 -0.5104539
 0.5185511 -0.6015437
 0.5187573 -0.6863624
 0.5190665999999999 -0.8391107
 0.5193758 -1.030934
 0.5201024 -1.57136
 0.5205828 -2.028012
 0.5216835 -3.286742
 0.5230427 -5.157079
 0.5232741000000001 -4.81176
 0.5248423 -2.984455
 0.5258788 -2.051569
 0.5264624999999999 -1.677571
 0.5270560000000001 -1.414995
 0.5275275 -1.274225
 0.5279126000000001 -1.200142
 0.5284225 -1.159167
 0.5289053 -1.188103
 0.5294672 -1.324827
 0.5306552 -1.735988
 0.5326709000000001 -2.640082
 0.5337894000000001 -3.062323
 0.5363487 -3.709308
 0.5378733 -3.799806
 0.5419902 -3.52194
 0.5478272000000001 -3.142085
 0.5577958 -2.759438
 0.5795 -2.150819
 0.598447 -1.721673
 0.6179347000000001 -1.375515
 0.6353239 -1.131319
 0.6519273 -0.94881
 0.6722023 -0.7677336
 0.6928273 -0.6190386
 0.7231363 -0.4380345
 0.7587537000000001 -0.2671477
 0.782091 -0.1716482
 0.7949155 -0.1244395
 0.8178251999999999 -0.05071634
 0.8413951000000001 0.01438667
 0.8460533 0.02512982
 0.8622337 0.06377969
 0.8891791 0.1184431
 0.9123775 0.1575272
 0.9394987 0.196816
 0.9671115 0.2313947
 1.037392 0.2985456
 1.114034 0.3443346
 1.186049 0.3710525
 1.3008449999999998 0.3897651
 1.4472610000000001 0.3929332
 1.791122 0.3591564
 2.5423440000000004 0.2641113
 3.0476650000000003 0.2147345
 3.657626 0.1704343
 4.328457 0.1354277
 5.0138869999999995 0.1094759
 5.751165 0.0889544
 6.6645970000000005 0.07045727
 7.492705 0.05815989
 8.418358000000001 0.04775602
 9.459263 0.03893813
 10.72859 0.03095467
 12.14361 0.0244215
 13.66508 0.0192495
 15.236970000000001 0.01528947
 16.792830000000002 0.01228961
 18.3629 0.009933912
 20.19061 0.007784865
 21.860129999999998 0.006229313
 23.67858 0.004863826
 25.703960000000002 0.003641488
 27.87854 0.00258987
 29.51209 0.00193736
 31.436310000000002 0.001285673
 32.71638 0.0009085765
 34.17328 0.0005265326
 34.78011 0.0003797714
 35.57661 0.0001983273
 36.2885 0.00004487864
 37.20418 -0.0001395426
 37.98831 -0.0002883693
 38.881 -0.0004473696
 40.4793 -0.0007082771
 43.04133 -0.001070611
 46.623070000000006 -0.001487201
 51.19328 -0.001904081
 58.31018 -0.002401874
 67.82953 -0.002845302
 82.49623 -0.003251884
 106.3313 -0.003589549
 150.9211 -0.003846884
 275.4229 -0.004024251
 851.1379999999999 -0.004092429
 2567.148 -0.004099524
 7752.6630000000005 -0.004100304
 10000. -0.004100212
