 0.001 0.
 0.003042433 0.
 0.009223387999999999 0.
 0.01237208 0.
 0.01242537 0.3974574
 0.01243298 0.4536576
 0.01244352 0.5832015
 0.012463430000000001 0.9023709
 0.01249389 1.582213
 0.01252434 2.517751
 0.0125586 3.882704
 0.0126157 6.442699
 0.01264805 7.637318
 0.01268153 8.340649
 0.012710850000000001 8.417467
 0.012740300000000001 7.949992
 0.01277681 6.737616
 0.01285931 3.229195
 0.01288977 2.16383
 0.0129159 1.463763
 0.01292022 1.35385
 0.01293357 1.081677
 0.0129642 0.5574031
 0.01298112 0.3188464
 0.01299483 0.2333563
 0.013025450000000001 0.1185009
 0.013056080000000001 0.
 0.01386669 0.
 0.01386845 3.582771E-8
 0.01393672 0.000002813978
 0.01393989 0.000003025082
 0.01397085 0.000005745965
 0.01400674 0.00001018427
 0.014042820000000001 0.00001648132
 0.01407713 0.00002405484
 0.014145749999999999 0.00004084411
 0.01418007 0.00004756603
 0.014214379999999999 0.00005143122
 0.014248690000000001 0.00005165621
 0.014283 0.00004821303
 0.01431731 0.00004183136
 0.01438593 0.00002532008
 0.01441843 0.00001801842
 0.01444875 0.00001235229
 0.01448288 0.00000757993
 0.014488870000000001 0.00000691707
 0.01452318 0.000003738242
 0.014549310000000001 0.000001739296
 0.01455115 0.000001637469
 0.01455749 0.000001422265
 0.0145918 7.222417E-7
 0.01462611 0.
 0.014862090000000001 0.
 0.01492474 0.07109417
 0.014933430000000001 0.08085071
 0.01493525 0.08391913
 0.01497183 0.1731002
 0.01500841 0.2977755
 0.01504499 0.4742914
 0.01509027 0.7605964
 0.015217689999999999 1.8584
 0.01527367 2.266544
 0.015340860000000001 2.650422
 0.015389739999999999 2.837889
 0.01543446 2.901321
 0.015463839999999998 2.874721
 0.01550647 2.679613
 0.01554647 2.355149
 0.01562589 1.47693
 0.01564741 1.229267
 0.01568456 0.8663318
 0.01572378 0.5738117
 0.01573735 0.5059918
 0.015761550000000003 0.4107
 0.01579885 0.342146
 0.01581482 0.3338211
 0.015833919999999998 0.3409993
 0.01585355 0.4019081
 0.01589505 0.5746705
 0.01592048 0.7223132
 0.01603875 1.531381
 0.01608952 1.784163
 0.01612865 1.86696
 0.01617888 1.83308
 0.01631913 1.502899
 0.016381839999999998 1.47336
 0.016609 1.636861
 0.01683434 1.663001
 0.0184401 2.159003
 0.01850707 2.387836
 0.018526380000000002 2.575648
 0.01857176 3.109089
 0.01859818 3.488255
 0.01864373 4.409244
 0.01869498 5.895235
 0.01876872 8.648506
 0.018825940000000003 10.91635
 0.01888085 12.53117
 0.01892466 13.19006
 0.018969970000000003 13.08536
 0.019017509999999998 12.14325
 0.01906974 10.3976
 0.01917601 6.321453
 0.01921314 5.192362
 0.01923592 4.555003
 0.01928147 3.651829
 0.01932702 3.027501
 0.01936155 2.760783
 0.01941813 2.401817
 0.02280681 3.136992
 0.02719993 3.8299
 0.032514970000000004 4.434804
 0.0329682 4.759221
 0.033262049999999994 4.860597
 0.03382822 4.5449
 0.03442241 4.688774
 0.03570562 4.820237
 0.04212224 5.269782
 0.049152 5.508971
 0.05821032 5.505964
 0.07455899 4.99778
 0.1096478 3.578549
 0.1348114 2.833032
 0.1576275 2.341852
 0.18817620000000002 1.866439
 0.2172076 1.539613
 0.24986609999999998 1.266983
 0.2862044 1.043158
 0.3289917 0.8510549
 0.3713017 0.7108488
 0.4219242 0.5866226
 0.4807711 0.4811121
 0.5511248 0.3898068
 0.6326344 0.3136327
 0.6552821 0.298824
 0.6585079 0.610943
 0.6601207 0.8704407
 0.6617348999999999 1.264076
 0.6635448 1.881994
 0.6681518000000001 3.780273
 0.6698547 4.261361
 0.6717160000000001 4.426941
 0.673549 4.21368
 0.6759018 3.566092
 0.6788333 2.681673
 0.67992 2.456997
 0.6814876000000001 2.285188
 0.6831689999999999 2.299841
 0.6850492 2.503066
 0.6881978000000001 2.977954
 0.690925 3.43804
 0.6938879 3.737916
 0.6986398 3.916099
 0.7178755 3.983848
 0.7676992 3.785316
 0.8710213 3.11758
 1.032064 2.437843
 1.189807 1.952348
 1.383507 1.531762
 1.57369 1.234567
 1.804777 0.9758976
 2.0112 0.8074708
 2.213922 0.680549
 2.477779 0.5546042
 2.764902 0.4535008
 3.0980589999999997 0.3664677
 3.435867 0.3011442
 3.7920290000000003 0.249468
 4.158793 0.2085133
 4.570882 0.1733401
 5.14438 0.137133
 5.629908 0.1145478
 6.237348 0.0931262
 6.98595 0.07392682
 7.665209 0.0610871
 8.458669 0.04983843
 9.248176 0.04133925
 10.165550000000001 0.0339243
 11.09175 0.02820314
 12.24922 0.02284354
 13.584769999999999 0.01830046
 15.079880000000001 0.01460406
 16.42904 0.01213624
 17.93799 0.01001783
 19.92673 0.00795514
 21.790770000000002 0.006537223
 24.241789999999998 0.0051598
 26.8824 0.004101068
 29.56077 0.003314928
 32.89866000000001 0.002606186
 36.469229999999996 0.002067152
 40.29639 0.001649145
 43.8176 0.001363803
 48.50627 0.001082664
 53.05026 0.0008835286
 57.53168 0.000734025
 62.506640000000004 0.0006071163
 67.71090000000001 0.0005058706
 74.38308 0.0004079688
 80.23135 0.0003431779
 87.00246 0.0002851693
 94.54891 0.0002358184
 102.629 0.0001954945
 110.9773 0.0001635379
 120.1724 0.0001364865
 132.9689 0.0001083998
 146.0286 0.00008780922
 158.7417 0.00007281822
 172.50779999999997 0.00006053726
 188.0293 0.00005008909
 205.7523 0.00004113678
 226.7667 0.00003334707
 248.5794 0.00002745684
 270.9509 0.00002291885
 300.6942 0.00001851198
 329.112 0.00001546087
 363.1667 0.00001276871
 402.1583 0.00001054005
 451.85589999999996 0.000008538422
 495.4502 0.000007286734
 547.9614 0.000006178807
 600.8278 0.00000535289
 663.7908 0.000004626886
 761.5170999999999 0.000003845813
 841.3952 0.000003401188
 977.2369 0.000002876605
 1173.413 0.000002398855
 1410.753 0.000002003624
 1696.0980000000002 0.000001673511
 2039.1580000000001 0.000001397786
 2451.607 0.00000116749
 2947.48 9.751364E-7
 3543.6510000000003 8.144749E-7
 4260.405000000001 6.802836E-7
 5122.134 5.682014E-7
 6158.159000000001 4.745856E-7
 7403.736 3.963938E-7
 8901.248000000001 3.310847E-7
 9760.024 3.025835E-7
 10000. 5.851467E-7
