 0.001 0.
 0.001899984 0.
 0.001900189 0.03174345
 0.0019095429999999999 4.362406
 0.00191422 7.952293
 0.0019188979999999998 13.38366
 0.0019240070000000001 21.63814
 0.0019377020000000001 48.35698
 0.001942779 54.76637
 0.0019472830000000002 56.66872
 0.0019521330000000002 54.0134
 0.001957155 46.97733
 0.0019650930000000002 31.31988
 0.001970345 21.05137
 0.001975022 13.57958
 0.0019797 8.086676
 0.001984377 4.445591
 0.001991285 1.156087
 0.001993516 0.06988097
 0.001993731 0.
 0.0033665170000000003 0.
 0.003374804 1.12898E-17
 0.00338309 2.23393E-17
 0.003391376 4.08046E-17
 0.003399662 6.88021E-17
 0.003407949 1.0709E-16
 0.003416235 1.53868E-16
 0.003424521 2.04082E-16
 0.003432807 2.49869E-16
 0.003441094 2.82407E-16
 0.0034493799999999997 2.9464E-16
 0.003457666 2.83767E-16
 0.003465953 2.52282E-16
 0.003474239 2.07045E-16
 0.0034908110000000003 1.09694E-16
 0.003499098 7.08145E-17
 0.003507384 4.22004E-17
 0.0035156700000000003 2.32148E-17
 0.003523956 1.17887E-17
 0.003532243 0.
 0.0038387929999999996 0.
 0.0038388319999999995 0.00001030475
 0.003848281 0.007497369
 0.0038577299999999998 0.01483216
 0.0038671779999999998 0.02708695
 0.003876627 0.04566421
 0.003886076 0.07106426
 0.003906847 0.1414079
 0.003916416 0.1703057
 0.003923871 0.1873308
 0.00393332 0.1954391
 0.003942769 0.1882301
 0.003952218 0.1673598
 0.003980564000000001 0.0728505
 0.003990013 0.04707392
 0.003999462 0.02809456
 0.00400891 0.01549137
 0.004021676 0.005141454
 0.004027767000000001 0.00008340888
 0.004027808 0.00006068464
 0.004031246 0.00005255534
 0.004040815 0.0000339279
 0.004050384 0.0000202186
 0.004059953 0.00001112242
 0.004069522 0.000005648087
 0.004079091 0.
 0.004511847 0.
 0.004511866000000001 0.000005240163
 0.004522972 0.008962848
 0.004534077 0.01773351
 0.004545182 0.03238995
 0.004556288 0.05461005
 0.0045673929999999995 0.08499463
 0.004584051 0.1420116
 0.004600709000000001 0.1982837
 0.004611815 0.2240948
 0.00462292 0.2337938
 0.004634025 0.2251596
 0.004645130999999999 0.2001725
 0.0046617889999999995 0.1443883
 0.004678485 0.08692717
 0.004689644000000001 0.0559995
 0.004700802 0.03328766
 0.004711961 0.01825886
 0.0047231190000000004 0.009140727
 0.004733953 0.00001349253
 0.004733973999999999 0.000001968005
 0.004756461 4.12751E-14
 0.004756595 0.
 0.004820968 0.
 0.004820978 0.000001545957
 0.004832844 0.005649977
 0.00484471 0.01117929
 0.0048565760000000005 0.0204191
 0.004868443 0.03442819
 0.004880309 0.05358544
 0.004898108 0.0895359
 0.004915908 0.1250184
 0.004927774 0.1412946
 0.00493964 0.1474118
 0.004951506 0.141969
 0.004963372 0.1262145
 0.004981593 0.09020639
 0.004987948 0.07679744
 0.005000225 0.05636514
 0.005010837 0.04196009
 0.005022704 0.03292561
 0.00502478 0.03224815
 0.0050345699999999995 0.03140677
 0.005037057 0.03199283
 0.005049334 0.03804079
 0.005058302 0.04429086
 0.005073888 0.06399782
 0.005098443 0.09045229
 0.00511072 0.09652231
 0.005122997 0.09652053
 0.005159829 0.07892084
 0.005175888 0.07539769
 0.005184383 0.07485727
 0.005197461 0.07669821
 0.005216512 0.08178759
 0.0052703080000000005 0.08540959
 0.005388178 0.09028871
 0.005421881999999999 0.08921606
 0.005473688 0.08744497
 0.005520011 0.08955266
 0.005601411000000001 0.09835741
 0.006028622 0.1159956
 0.006683439 0.1366349
 0.007500000000000001 0.1551335
 0.0087 0.1716393
 0.01062663 0.1815774
 0.01325867 0.1789305
 0.02683417 0.121156
 0.03428613 0.09676158
 0.04253535 0.07719648
 0.05186653 0.06149738
 0.054946459999999996 0.05751899
 0.05521695 0.6084416
 0.05535219 1.063977
 0.055487440000000006 1.754711
 0.05563959 2.843262
 0.05587653 4.939288
 0.056036869999999996 6.271438
 0.056177990000000004 7.055657
 0.05631796 7.287378
 0.05645603 6.930932
 0.05659369 6.079114
 0.05687048 3.66816
 0.05697512 2.816549
 0.05711883 1.902883
 0.05724589 1.347676
 0.05730509 1.202814
 0.057384740000000004 1.054136
 0.057462610000000004 1.021654
 0.05758512 1.025322
 0.05765393 1.077208
 0.05798778 2.07565
 0.05818593 2.582655
 0.05836286 2.852035
 0.05847483 2.942147
 0.05871145 2.920105
 0.05923006 2.746519
 0.05990584 2.803347
 0.06372662999999999 3.027999
 0.06975292 3.124126
 0.07823428 2.999935
 0.1098474 2.048756
 0.1255365 1.680452
 0.1429914 1.370223
 0.1608432 1.133818
 0.18434230000000001 0.9085268
 0.20505720000000002 0.7613362
 0.22929609999999997 0.6307017
 0.255994 0.5225681
 0.2815934 0.4420177
 0.31433310000000003 0.362711
 0.3533107 0.2927715
 0.3928528 0.2403931
 0.43972 0.194284
 0.4837433 0.1621898
 0.5359155999999999 0.133407
 0.5821032 0.1137379
 0.6542467 0.090564
 0.7303808 0.07284995
 0.8155542 0.05835405
 0.8985494 0.04793278
 0.9994379 0.03854892
 1.110102 0.0310016
 1.2389180000000002 0.02464859
 1.375889 0.01973161
 1.511297 0.01616169
 1.67907 0.01288125
 1.858623 0.01033981
 2.031199 0.008516932
 2.255814 0.006764718
 2.480206 0.005489201
 2.726858 0.004441003
 2.967899 0.003676466
 3.297626 0.00290034
 3.6344239999999997 0.002327676
 3.95977 0.00191727
 4.318344 0.001573188
 4.779205 0.001246876
 5.17309 0.001040232
 5.604384 0.0008651163
 6.214923 0.0006806484
 6.7608299999999995 0.0005602644
 7.3921280000000005 0.000454989
 8.175389 0.0003594542
 8.882461 0.0002960331
 9.822744 0.0002338886
 10.70316 0.0001911083
 11.61095 0.0001576935
 12.625010000000001 0.0001293807
 13.917010000000001 0.00010278
 15.12659 0.00008438025
 16.6799 0.0000668543
 18.438139999999997 0.00005266392
 20.198649999999997 0.00004240188
 22.14001 0.00003406268
 23.99192 0.00002813204
 26.03818 0.0000231298
 28.07687 0.00001930839
 30.57897 0.0000157379
 33.867889999999996 0.00001232398
 36.77744 0.00001011736
 40.32464 0.000008115775
 43.53163 0.000006757283
 47.457350000000005 0.00000549363
 51.53029 0.000004510976
 56.8623 0.000003561575
 61.875899999999994 0.000002909973
 66.87012 0.000002414808
 73.42382 0.000001930186
 81.18222999999999 0.000001519752
 89.36442 0.000001208675
 98.5191 9.580983E-7
 106.9498 7.883668E-7
 116.02560000000001 6.509703E-7
 127.49669999999999 5.215914E-7
 140.5408 4.157723E-7
 154.84 3.322982E-7
 170.92370000000003 2.649784E-7
 189.2639 2.10095E-7
 208.8592 1.684847E-7
 225.8135 1.416545E-7
 249.6215 1.138835E-7
 271.2801 9.5346E-8
 299.7221 7.731456E-8
 327.34069999999997 6.453332E-8
 363.0781 5.253407E-8
 400.5285 4.349569E-8
 441.5705 3.63344E-8
 495.4502 2.968464E-8
 545.7971 2.527779E-8
 598.4545999999999 2.186178E-8
 663.5521 1.875997E-8
 741.3102 1.610095E-8
 832.662 1.397913E-8
 955.0462 1.196468E-8
 1070.165 1.062715E-8
 1286.6219999999998 8.92097E-9
 1546.86 7.488714E-9
 1859.734 6.286405E-9
 2235.8920000000003 5.277126E-9
 2688.134 4.429886E-9
 3231.848 3.718671E-9
 3885.536 3.12164E-9
 4671.441 2.620463E-9
 5616.308 2.199749E-9
 6752.287 1.84658E-9
 8118.035000000001 1.550113E-9
 9760.024 1.301243E-9
 10000. 2.483201E-9
