 0.001 -11.81647
 0.0019197360000000002 -11.08015
 0.002369875 -10.10773
 0.00262957 -8.951336
 0.002768928 -7.881717
 0.002878582 -6.571844
 0.002944115 -5.431407
 0.0029981120000000003 -4.150926
 0.00302872 -3.219434
 0.003055622 -2.227068
 0.003067825 -1.70877
 0.0030792659999999998 -1.176251
 0.003089991 -0.6299958
 0.003100046 -0.07055949
 0.0031094729999999998 0.501429
 0.003118311 1.085271
 0.003126596 1.680198
 0.0031343630000000003 2.28538
 0.0031484720000000002 3.522876
 0.0031608720000000003 4.789978
 0.0031767149999999997 6.727432
 0.0031897690000000003 8.681847
 0.00320409 11.34836
 0.003215055 13.91202
 0.0032268780000000003 17.4298
 0.003234799 20.43698
 0.003244092 25.05546
 0.003249602 28.81071
 0.00325672 35.67388
 0.0032727520000000003 50.85424
 0.0032828799999999997 61.42729
 0.003291539 68.00317
 0.00329899 69.47545
 0.003305568 65.62029
 0.0033119380000000004 57.22769
 0.003314887 51.17166
 0.003320638 36.94154
 0.003322888 29.81364
 0.003328846 10.27804
 0.0033300279999999996 6.024887
 0.003330674 3.417817
 0.003330836 2.674017
 0.003330953 2.055068
 0.003331077 1.480547
 0.003331321 0.4388659
 0.0033315569999999997 -0.515658
 0.0033317869999999997 -1.409489
 0.0033326469999999998 -4.608476
 0.003334671 -11.7209
 0.0033351979999999997 -10.47395
 0.0033370360000000003 -4.011731
 0.003337848 -1.010089
 0.0033381089999999997 -0.003838173
 0.0033385 1.573066
 0.003338794 2.861924
 0.0033389540000000003 3.695861
 0.003339322 5.313526
 0.0033402389999999996 8.830048
 0.003341799 14.23297
 0.003346654 30.0942
 0.003348536 36.53719
 0.003355395 54.15478
 0.0033604660000000003 63.34617
 0.0033670469999999997 70.29538
 0.0033739290000000003 72.09134
 0.0033839739999999997 67.32631
 0.003401008 50.16301
 0.00341704 34.83371
 0.0034212509999999997 30.93938
 0.003429625 25.81873
 0.0034420759999999996 20.56132
 0.0034543819999999998 16.81245
 0.003470567 13.14718
 0.0034865309999999997 10.41968
 0.003502247 8.303397
 0.003517718 6.608843
 0.003532948 5.219125
 0.0035479419999999997 4.057614
 0.003562702 3.071733
 0.003577289 2.220981
 0.0035916489999999997 1.481891
 0.003605784 0.8337203
 0.003619698 0.2606056
 0.0036333949999999998 -0.2498049
 0.003646877 -0.7072769
 0.003660149 -1.119637
 0.003686075 -1.833277
 0.0037236580000000003 -2.69578
 0.003771193 -3.570825
 0.003837068 -4.506807
 0.003916292 -5.349703
 0.004048256 -6.337475
 0.004250075 -7.30216
 0.004618027 -8.314323
 0.005106380999999999 -9.334214
 0.005203369 -9.909335
 0.005280024 -10.96809
 0.005308393 -10.54682
 0.005339142 -9.082743
 0.005365927 -7.704752
 0.0053853799999999995 -7.178131
 0.005404413 -7.071787
 0.0054883810000000005 -8.230705
 0.005586025 -8.703845
 0.005972295 -9.519042
 0.006082924 -8.888951
 0.00629013 -9.368255
 0.0064423549999999994 -9.303714
 0.009744996 -9.894054
 0.0307955 -10.74248
 0.04339382 -11.72163
 0.05034327 -12.91036
 0.05265916 -13.83634
 0.05369074 -14.57236
 0.054773930000000005 -14.27253
 0.05956621 -15.06986
 0.06456542 -14.92876
 0.08207220999999999 -11.98278
 0.08416354 -12.09292
 0.08519989 -12.21756
 0.0859577 -11.31204
 0.08659536000000001 -10.61115
 0.0883206 -10.65297
 0.09838428 -8.522062
 0.1098838 -6.742796
 0.12070099999999999 -5.456709
 0.1310886 -4.518168
 0.1441286 -3.66148
 0.1576031 -3.024244
 0.1712971 -2.550199
 0.1943064 -1.981826
 0.21348879999999998 -1.641527
 0.2330999 -1.403882
 0.249029 -1.2643
 0.2789262 -1.094145
 0.31486539999999996 -0.9855796
 0.3560762 -0.9395886
 0.4039368 -0.9426076
 0.5018188 -1.025708
 0.7192419 -1.33078
 0.8922069 -1.65086
 0.9983306 -1.922217
 1.079928 -2.21632
 1.145678 -2.565909
 1.1989290000000001 -3.014812
 1.2303439999999999 -3.444445
 1.252698 -3.941158
 1.266248 -4.45847
 1.277485 -5.203814
 1.289006 -6.055909
 1.296024 -6.16341
 1.303163 -5.803078
 1.318257 -4.556144
 1.329101 -3.936601
 1.3431520000000001 -3.412583
 1.3642610000000002 -2.861791
 1.388977 -2.409395
 1.416595 -2.038343
 1.4581570000000001 -1.626071
 1.5015479999999999 -1.310097
 1.544022 -1.068071
 1.597627 -0.825718
 1.658237 -0.6116509
 1.7172319999999999 -0.44713
 1.770619 -0.3228033
 1.820154 -0.2243169
 1.86544 -0.1475227
 1.904604 -0.09023059
 1.949187 -0.03237549
 1.981063 0.00395215
 1.9981130000000003 0.0234644
 2.058449 0.08421424
 2.1258190000000003 0.1422518
 2.187129 0.1855562
 2.294897 0.2439882
 2.4189979999999998 0.2945239
 2.598814 0.3417103
 2.795363 0.372293
 3.125689 0.390543
 3.5901129999999997 0.3836122
 6.082699 0.2486267
 7.407770999999999 0.1954042
 8.709636 0.1569328
 10.25864 0.1235179
 11.72863 0.1002337
 13.391729999999999 0.08054334
 15.16076 0.06493488
 16.865850000000002 0.05341551
 18.98921 0.04247406
 21.23682 0.03372224
 23.7899 0.02620541
 26.5035 0.02015039
 28.55041 0.01648044
 30.99857 0.01292467
 33.229330000000004 0.01024337
 35.469 0.008000263
 37.75338 0.006067748
 40.13932 0.0043571
 42.38917 0.002967354
 44.32495 0.001924923
 46.18786 0.001028809
 47.08303 0.0006313606
 48.10036 0.0002049268
 48.87775 -0.0001069961
 50.06747 -0.000554809
 51.28614 -0.0009842175
 53.57243 -0.001721529
 57.11911 -0.002711218
 60.809689999999996 -0.003578728
 66.65478 -0.004689404
 74.07175000000001 -0.00576524
 85.57005 -0.006944405
 103.2111 -0.008086922
 132.70960000000002 -0.00914473
 180.2473 -0.009927203
 288.4032 -0.01049179
 733.2672 -0.01079753
 2235.8920000000003 -0.01084748
 6752.287 -0.01085284
 10000. -0.01085254
