 0.001 0.
 0.003044423 0.
 0.009162916 0.
 0.01046453 0.
 0.01051282 0.9107499
 0.01051604 0.9709075
 0.010541799999999999 1.773442
 0.010567559999999998 2.990267
 0.01059653 4.907924
 0.01067059 10.9686
 0.010700969999999999 12.76191
 0.01072446 13.4387
 0.01075338 13.2785
 0.01078727 12.13606
 0.0108525 9.329587
 0.010888749999999999 8.282852
 0.0109209 7.442984
 0.01095041 6.468373
 0.01097731 5.214128
 0.01105207 2.308678
 0.01107831 1.490402
 0.01110454 0.8881728
 0.01113078 0.4885912
 0.01117013 0.1242019
 0.01118325 0.
 0.01165171 0.
 0.01165766 2.62721E-7
 0.01170907 0.000004715353
 0.011715050000000001 0.000005401417
 0.01173775 0.000008651462
 0.01174374 0.00000973372
 0.01176642 0.00001465835
 0.01177244 0.00001620548
 0.01180113 0.00002492519
 0.011887209999999999 0.00005784228
 0.01191591 0.0000659394
 0.011944600000000001 0.0000702705
 0.011973290000000001 0.00007053185
 0.01200199 0.00006741927
 0.01217415 0.00003546519
 0.012202840000000001 0.00002950017
 0.01223154 0.00002232937
 0.01228926 0.00001189182
 0.01231843 0.000007676942
 0.0123476 0.000004574908
 0.012376769999999999 0.000002516695
 0.012420529999999999 6.397539E-7
 0.01243511 0.
 0.01253643 0.
 0.012570880000000001 0.110416
 0.01260173 0.7571262
 0.01263277 1.464475
 0.01266371 2.611856
 0.01269465 4.307328
 0.01273485 7.382751
 0.01279824 13.25324
 0.01281855 15.08735
 0.012854919999999999 17.49129
 0.01288665 18.51367
 0.012916889999999999 18.50056
 0.01296577 16.90738
 0.0130544 12.52657
 0.01314819 7.290417
 0.013192180000000001 4.699105
 0.01322918 3.154371
 0.013240120000000001 2.861924
 0.0132693 2.225795
 0.01329458 1.88534
 0.01330159 1.864834
 0.013326929999999999 1.909338
 0.01335943 2.422309
 0.01339427 3.400553
 0.013434489999999999 5.243952
 0.01347985 7.537536
 0.01352826 9.430363
 0.01356215 10.24042
 0.0135952 10.5298
 0.01372076 9.767704
 0.01386543 9.719149
 0.013901400000000001 9.619137
 0.01403577 10.00548
 0.014169969999999999 10.67949
 0.01435519 10.94407
 0.014495550000000001 11.04195
 0.01481769 11.4133
 0.0162181 15.03322
 0.0172 16.59397
 0.0180188 16.95327
 0.018975 16.2286
 0.020195860000000003 13.98683
 0.022646819999999998 8.595211
 0.023832580000000003 6.529436
 0.02475551 5.245645
 0.02587091 4.033871
 0.027077820000000002 3.044707
 0.028491739999999998 2.247406
 0.029423289999999998 1.850404
 0.030549210000000004 1.484114
 0.03160644 1.227038
 0.03280802 1.011991
 0.03417411 0.8421604
 0.0357 0.7205711
 0.03705 0.656696
 0.03865 0.6187994
 0.0409 0.6141543
 0.043699999999999996 0.6587856
 0.04731513 0.7612662
 0.063 1.303285
 0.07328245 1.569621
 0.0851138 1.754847
 0.098 1.847851
 0.1263385 1.846707
 0.18269470000000002 1.599811
 0.2382051 1.329256
 0.24004930000000002 1.374705
 0.2409719 1.454088
 0.24210050000000002 1.636694
 0.24272749999999998 1.798632
 0.2436424 2.147237
 0.24442270000000002 2.578699
 0.2453857 3.340787
 0.246302 4.328852
 0.24751169999999997 5.980563
 0.2506212 10.82638
 0.2519861 12.44781
 0.25351399999999996 13.64665
 0.2561625 14.59654
 0.26277249999999996 15.13529
 0.27636130000000003 14.56582
 0.3034462 12.8335
 0.30813470000000004 12.93911
 0.3137538 13.621
 0.42413100000000004 10.21181
 0.49831050000000005 8.331861
 0.5943777 6.562031
 0.6805979 5.40379
 0.7904795 4.330535
 0.894423 3.588776
 1.01518 2.948075
 1.139921 2.453264
 1.29054 2.008239
 1.467781 1.625911
 1.6479380000000001 1.341306
 1.8574869999999999 1.095927
 2.082677 0.9021846
 2.3433070000000003 0.7365644
 2.654152 0.5932732
 3.021563 0.47274
 3.100134 0.4580642
 3.1133089999999997 0.4861432
 3.122204 0.533265
 3.130617 0.6196364
 3.137129 0.7269714
 3.144621 0.904704
 3.152258 1.152232
 3.162256 1.574336
 3.191007 2.986222
 3.204624 3.459981
 3.218026 3.724371
 3.23618 3.855774
 3.398151 3.690947
 3.9655150000000003 2.901431
 4.543458 2.332421
 5.140217 1.908458
 5.800364 1.556157
 6.550082 1.263767
 7.295788999999999 1.046005
 8.245429999999999 0.841183
 9.169142 0.693467
 10.3299 0.5570532
 11.45767 0.458501
 12.73503 0.3757049
 14.03853 0.3115129
 15.61669 0.2535799
 17.1144 0.2119301
 18.99476 0.172555
 20.85295 0.1432486
 22.740190000000002 0.1204042
 25.08204 0.09865905
 27.73929 0.08040234
 30.36861 0.06669799
 33.143649999999994 0.0556816
 37.042449999999995 0.04415172
 40.55979 0.03649687
 44.533879999999996 0.02999113
 49.1992 0.02427031
 54.15782 0.01978092
 59.02195 0.01647028
 65.63382 0.01310275
 72.79631 0.01047973
 79.90348999999999 0.008573487
 86.71218 0.007180629
 93.85723999999999 0.006051804
 104.4201 0.004805029
 114.6325 0.003925188
 125.85 0.003208499
 136.7188 0.002685126
 147.99360000000001 0.002264665
 162.5823 0.001851529
 180.6895 0.001476928
 198.09109999999998 0.001217114
 215.18519999999998 0.001022924
 234.5494 0.0008567219
 256.3009 0.0007147653
 286.9906 0.0005694568
 317.4507 0.0004673666
 348.0922 0.0003921673
 381.2852 0.0003310447
 421.878 0.0002759413
 468.0718 0.0002305517
 523.2991000000001 0.0001917317
 594.8054999999999 0.0001571544
 657.8471999999999 0.0001356699
 756.3973000000001 0.0001126648
 878.5167 0.00009394563
 994.2601 0.00008209255
 1173.413 0.00006940207
 1410.753 0.00005756703
 1696.0980000000002 0.0000477502
 2039.1580000000001 0.00003960742
 2451.607 0.00003285322
 2947.48 0.0000272508
 3543.6510000000003 0.00002260376
 4260.405000000001 0.00001874917
 5122.134 0.0000155519
 6158.159000000001 0.00001289986
 7403.736 0.00001070006
 8901.248000000001 0.000008875393
 9760.024 0.000008083292
 10000. 0.00001591574
