 0.001 -18.18702
 0.0012282749999999998 -17.02258
 0.0013323900000000001 -15.56308
 0.001388679 -13.84613
 0.001420325 -12.06721
 0.001438781 -10.41717
 0.001452147 -8.681407
 0.001460253 -7.258207
 0.001466579 -5.847369
 0.001471422 -4.512069
 0.00147513 -3.282657
 0.001477969 -2.178972
 0.0014791280000000001 -1.677564
 0.0014811569999999999 -0.7130613
 0.001482679 0.09830855
 0.00148382 0.7687019
 0.0014846759999999999 1.314435
 0.00148596 2.224021
 0.001486601 2.738072
 0.001491753 7.43032
 0.0014936630000000001 9.55968
 0.0014950220000000001 11.68914
 0.001501886 19.90839
 0.001506805 25.29343
 0.001510466 27.18076
 0.001512868 26.62326
 0.001515285 24.58481
 0.001517373 21.44459
 0.001519001 18.00996
 0.001520189 14.60686
 0.001522477 7.214262
 0.001523335 4.098341
 0.001523721 2.492012
 0.001523964 1.283934
 0.001524186 0.3101131
 0.0015246020000000001 -1.396473
 0.0015264200000000001 -8.681047
 0.0015273810000000002 -13.03347
 0.0015280720000000001 -16.59046
 0.001528619 -19.00534
 0.00153069 -10.15346
 0.001531111 -8.102938
 0.0015313409999999999 -6.817624
 0.001531764 -4.865617
 0.001532147 -3.240358
 0.001532483 -1.881211
 0.00153307 0.4091633
 0.001534392 5.445887
 0.001534722 6.794295
 0.0015351680000000002 8.737487
 0.001535947 11.48533
 0.001538493 18.99045
 0.001540184 22.98873
 0.001542581 26.73657
 0.0015449049999999998 28.71372
 0.001548559 28.64826
 0.001552746 25.2578
 0.0015601019999999998 16.1587
 0.001561596 13.93897
 0.001567401 7.891035
 0.001568649 6.246187
 0.0015702250000000002 4.772869
 0.0015710119999999999 4.146547
 0.001572583 3.033542
 0.001574152 2.060955
 0.001575718 1.195516
 0.00157728 0.4161329
 0.00157884 -0.2919536
 0.001580396 -0.9397097
 0.00158195 -1.535614
 0.001585047 -2.597583
 0.001588136 -3.519309
 0.001591213 -4.328126
 0.0015973299999999999 -5.685107
 0.001606417 -7.256773
 0.001618367 -8.794615
 0.001633068 -10.17181
 0.001661629 -11.9407
 0.001699821 -13.35966
 0.001770375 -14.78489
 0.001906043 -16.01729
 0.0022308790000000003 -17.03195
 0.002886069 -17.93614
 0.002932017 -17.89601
 0.0029783419999999997 -17.13235
 0.003166178 -17.62399
 0.009516317 -18.967
 0.01141264 -19.46329
 0.01531886 -18.27174
 0.01720696 -16.76552
 0.01816821 -15.15875
 0.018606499999999998 -13.76632
 0.01878376 -12.66054
 0.01903031 -10.44268
 0.01911022 -10.39155
 0.01915363 -10.72841
 0.0192461 -12.14444
 0.01935897 -13.99738
 0.019496780000000002 -14.96609
 0.01966989 -14.9271
 0.01987468 -13.06725
 0.02037781 -7.719002
 0.02052754 -5.786713
 0.02062117 -4.356223
 0.02066488 -3.611372
 0.02072719 -2.443246
 0.0207771 -1.403134
 0.02082701 -0.2467693
 0.02087692 1.046866
 0.02092275 2.385999
 0.02096885 3.915686
 0.02101332 5.611133
 0.02104986 7.218466
 0.02109782 9.739742
 0.02113636 12.31299
 0.02115949 14.39503
 0.02127932 25.43518
 0.02137994 35.49077
 0.02144214 39.85437
 0.02148829 40.60396
 0.02152875 39.00819
 0.02156797 35.37586
 0.0216213 26.57922
 0.02168047 13.59854
 0.021686180000000003 12.03704
 0.021738399999999998 -0.5058241
 0.02174003 -0.9937698
 0.021743190000000003 -1.814935
 0.02174912 -3.223956
 0.0217595 -5.509465
 0.02178965 -11.96548
 0.02179825 -13.97636
 0.021824990000000002 -18.61731
 0.02186604 -24.03187
 0.02187882 -25.43432
 0.02194318 -20.1016
 0.02197704 -18.56718
 0.022004839999999998 -18.28893
 0.022063910000000003 -19.03736
 0.0221491 -23.08883
 0.02220061 -26.5199
 0.022227919999999998 -24.46123
 0.02228405 -23.15266
 0.02233517 -23.62239
 0.0223854 -25.51993
 0.02240558 -26.94668
 0.02249203 -22.5717
 0.02264447 -14.57208
 0.022669460000000002 -12.88472
 0.02273544 -9.553213
 0.02280954 -6.145486
 0.02283104 -4.965265
 0.022850350000000002 -4.118623
 0.02288423 -2.883969
 0.0229103 -2.084723
 0.02294793 -1.124431
 0.02296704 -0.7296809
 0.02300069 -0.2104668
 0.02301158 -0.04885124
 0.023016929999999998 0.02835846
 0.0230292 0.1999045
 0.0230419 0.3693609
 0.02306527 0.7087412
 0.023096659999999998 1.119694
 0.023125510000000002 1.455096
 0.023167319999999998 1.980525
 0.023188220000000002 2.298726
 0.02319867 2.498844
 0.02322528 3.195687
 0.02325354 3.57027
 0.02332037 4.092141
 0.02335908 4.496339
 0.02348646 5.185214
 0.02358866 6.009501
 0.02368069 6.1843
 0.02386485 6.642227
 0.0240714 6.54276
 0.02453069 5.699217
 0.02534956 3.545189
 0.025908559999999997 2.068621
 0.02634775 1.022261
 0.026603429999999997 0.4661461
 0.02663144 0.401088
 0.02681111 0.03728206
 0.026906270000000003 -0.1637102
 0.027172500000000002 -0.6774737
 0.027549550000000003 -1.34607
 0.027922330000000002 -1.961635
 0.02861113 -2.962497
 0.029597440000000003 -4.157163
 0.03087276 -5.405122
 0.03278088 -6.833346
 0.03577462 -8.445205
 0.03763999 -9.300018
 0.03828327 -9.232397
 0.03937823 -9.716589
 0.045108960000000003 -10.94331
 0.0521528 -11.75622
 0.06683439000000001 -12.29651
 0.1473392 -11.80633
 0.1895309 -12.20809
 0.2269418 -13.33563
 0.2519127 -14.9197
 0.2675136 -16.77314
 0.2780862 -19.06426
 0.2846268 -21.68962
 0.2877588 -23.8727
 0.29029499999999997 -22.83205
 0.29353419999999997 -20.34744
 0.2944273 -20.62996
 0.2954428 -22.57709
 0.2963654 -25.783
 0.29749129999999996 -31.52267
 0.3001703 -20.21399
 0.30103440000000004 -17.40719
 0.30221529999999996 -14.87881
 0.3032212 -13.76114
 0.3041608 -13.48777
 0.308923 -14.44044
 0.3198935 -12.89937
 0.33571650000000003 -10.85747
 0.3493879 -9.782464
 0.3601408 -9.457028
 0.3671295 -9.6477
 0.3710746 -9.236316
 0.377702 -8.337748
 0.39377260000000003 -7.034541
 0.41592179999999995 -5.707029
 0.4332858 -4.881691
 0.461218 -3.884931
 0.4936708 -3.025528
 0.5232991 -2.433648
 0.5527133999999999 -1.978232
 0.5838664 -1.609502
 0.6202662 -1.277546
 0.6587946 -1.007764
 0.6936775000000001 -0.8211208
 0.7259316 -0.6962911
 0.7621955 -0.5892041
 0.8031062 -0.4989743
 0.8249384999999999 -0.4600335
 0.8699168 -0.4014814
 0.9115342000000001 -0.3682938
 0.969682 -0.346649
 1.048019 -0.3409817
 1.0964779999999998 -0.3478438
 1.181382 -0.3769128
 1.321105 -0.4482429
 1.9442409999999999 -0.8587154
 2.465828 -1.24682
 2.7645109999999997 -1.528203
 2.995858 -1.823361
 3.173074 -2.145668
 3.310483 -2.52716
 3.407947 -2.963489
 3.4684880000000002 -3.413103
 3.507315 -3.914783
 3.539618 -4.649971
 3.568618 -5.340657
 3.5851110000000004 -5.435773
 3.6027 -5.194141
 3.654646 -3.803502
 3.686986 -3.253996
 3.7330940000000004 -2.764005
 3.786554 -2.365321
 3.858926 -1.972027
 3.9602370000000002 -1.571653
 4.066809999999999 -1.254218
 4.187295 -0.9804531
 4.325041 -0.7408279
 4.446749 -0.5749274
 4.596607 -0.4100952
 4.716657 -0.302362
 4.846858 -0.2039123
 4.920265 -0.1549392
 5.046607 -0.08175423
 5.191128 -0.009997289
 5.344501 0.05474423
 5.4535540000000005 0.09352243
 5.583099 0.1355821
 5.730207999999999 0.1775082
 5.885065 0.2142672
 6.210478 0.2719335
 6.628628 0.3195148
 7.227784 0.3607407
 8.000285 0.3780602
 9.178271 0.3722579
 12.29383 0.3037786
 15.70494 0.230447
 18.63645 0.1825637
 22.03219 0.1411238
 25.04448 0.1133541
 28.92533 0.08649426
 32.61322 0.06734675
 36.63223 0.05131886
 40.43089 0.03960254
 43.733050000000006 0.03128691
 48.02304 0.02252961
 52.29022 0.01555659
 55.385740000000006 0.01128732
 57.74709 0.008417333
 59.95888 0.005979713
 61.43136 0.004487794
 64.07145 0.002021826
 65.39654999999999 0.0008791408
 66.50902 -0.00002196264
 67.02703 -0.0004385699
 68.42856 -0.001515062
 70.68983 -0.003148015
 74.20276000000001 -0.005414943
 78.78090999999999 -0.008023962
 85.22334 -0.01107996
 94.93598 -0.01468774
 105.8309 -0.01771408
 121.4437 -0.02083337
 146.7843 -0.02408391
 188.5343 -0.02701766
 265.0872 -0.02939296
 438.6211 -0.03107489
 1228.7140000000002 -0.03193281
 3710.658 -0.03204436
 10000. -0.03205229
