 0.001 0.
 0.00301391 0.
 0.0032508740000000004 0.
 0.00325672 1.280092
 0.003266877 7.89654
 0.0032727520000000003 12.52075
 0.0032748789999999996 14.80515
 0.003280768 22.22501
 0.0032828799999999997 25.66525
 0.0032887840000000003 36.46626
 0.00329793 58.45215
 0.003314887 105.9166
 0.003323623 125.0903
 0.0033317869999999997 134.5792
 0.003339796 133.7423
 0.003347628 123.359
 0.003357272 100.4973
 0.0033739290000000003 54.42009
 0.00337696 46.57825
 0.003384976 29.64799
 0.003391469 19.69004
 0.003392992 17.43487
 0.0033949030000000003 15.32448
 0.003401008 9.471862
 0.003410906 2.80703
 0.00341704 0.
 0.00449629 0.
 0.004507357 9.922E-16
 0.004518424 1.96329E-15
 0.004529491 3.58611E-15
 0.004540558 6.04667E-15
 0.004551625 9.4116E-15
 0.004562692 1.35227E-14
 0.004573758999999999 1.79357E-14
 0.004584826 2.19597E-14
 0.004595893 2.48193E-14
 0.00460696 2.58944E-14
 0.004618027 2.49388E-14
 0.004629093999999999 2.21718E-14
 0.004640161 1.81961E-14
 0.0046622949999999995 9.64044E-15
 0.004673362 6.22353E-15
 0.0046844289999999995 3.70878E-15
 0.004695496 2.04023E-15
 0.0047065629999999995 1.03605E-15
 0.00471763 0.
 0.005210305 0.
 0.005211983999999999 0.005414106
 0.005235954 0.2391501
 0.005237641 0.2590061
 0.00525047 0.4703726
 0.0052641 0.815843
 0.005277833 1.292193
 0.0053138099999999995 2.777481
 0.005328243 3.175745
 0.005341072 3.285337
 0.005353099 3.161685
 0.005368359 2.70282
 0.005404413 1.208915
 0.005417242 0.7786658
 0.00543007 0.4630527
 0.005441146 0.2795181
 0.005442899 0.2542313
 0.005462631 0.0551157
 0.005466795 0.0122201
 0.005468556 0.0000159269
 0.005488361 1.000309E-8
 0.0054883810000000005 0.
 0.005877581 0.
 0.005878264 0.0003626414
 0.005907201 0.04738104
 0.00592167 0.08636273
 0.005936138 0.1453341
 0.005950607 0.2257998
 0.005993316 0.5201839
 0.0060084809999999995 0.5918525
 0.00602295 0.6167149
 0.0060374190000000005 0.5932645
 0.006051887 0.5268689
 0.006095293 0.2284448
 0.0061097619999999995 0.1473574
 0.0061242300000000005 0.08774894
 0.006138699 0.04823795
 0.0061574279999999995 0.01703582
 0.006166919 0.0008279502
 0.006167636 0.000001112904
 0.006171896 1.60957E-9
 0.006171906 5.67292E-12
 0.006180948 0.
 0.006183237 0.
 0.006183589000000001 0.00006164292
 0.006214029 0.01643582
 0.006229249 0.0299903
 0.006244469 0.05051921
 0.006259689000000001 0.0785627
 0.00627491 0.1127867
 0.00629013 0.1494788
 0.0063053499999999995 0.1828853
 0.006320569999999999 0.2065639
 0.00633579 0.2153796
 0.00635101 0.2079255
 0.00636623 0.1885801
 0.006396669999999999 0.1291678
 0.006411891 0.1042601
 0.006427111 0.08874183
 0.0064423549999999994 0.0834822
 0.006457981000000001 0.08799274
 0.006473607 0.09713283
 0.006489234 0.1030858
 0.00650486 0.1117636
 0.006520486 0.1150636
 0.006536113 0.1135847
 0.0065882760000000005 0.09875917
 0.006747286 0.08281519
 0.006856467 0.06695455
 0.0069132460000000005 0.06272536
 0.0070179759999999996 0.05920632
 0.007297685 0.04221211
 0.007527384 0.03093784
 0.0077349210000000005 0.02282293
 0.007920452 0.01697485
 0.008094312 0.01252752
 0.008256161000000001 0.009163484
 0.00841496 0.006501218
 0.008541742 0.004776557
 0.008657471 0.003480347
 0.008759358 0.002539286
 0.008834987 0.001952826
 0.008926244 0.001363372
 0.009002846 0.0009619357
 0.009065993 0.0006911373
 0.009118995999999999 0.0005036097
 0.009162496999999999 0.0003756429
 0.009207497 0.0002669369
 0.009244998999999999 0.000194102
 0.009274999 0.0001471021
 0.009296499 0.0001194279
 0.009323748 0.00009140709
 0.009345402000000001 0.00007465289
 0.00936625 0.00006304722
 0.0093875 0.00005570453
 0.009405 0.00005300304
 0.00942375 0.00005340801
 0.009445 0.00005792725
 0.009464999 0.00006605513
 0.009487185 0.00007939102
 0.009514999 0.0001024009
 0.009543998 0.0001336823
 0.009576998 0.0001781063
 0.009611622 0.0002345461
 0.009651748 0.0003121662
 0.009701872 0.0004269013
 0.009766774 0.0006035161
 0.009844989 0.0008561505
 0.009933115 0.001189552
 0.01005811 0.001743726
 0.01022435 0.002612588
 0.01046996 0.004131328
 0.01084612 0.006881715
 0.01110842 0.009026342
 0.012069999999999999 0.017759
 0.01405 0.03624832
 0.0157 0.0498229
 0.017669999999999998 0.06318244
 0.02 0.07547796
 0.02317395 0.08754441
 0.02818383 0.09948022
 0.03833814 0.1098359
 0.05114618 0.1117929
 0.05265916 0.1117667
 0.052918389999999996 0.1628449
 0.052971279999999996 0.1800457
 0.053048 0.2125341
 0.05318549 0.2951034
 0.053312040000000005 0.3985277
 0.05339378 0.4815788
 0.05383799 1.025904
 0.05397018 1.144641
 0.0541798 1.230378
 0.05441498 1.226357
 0.054773930000000005 1.175958
 0.055259520000000006 1.259506
 0.056777100000000004 1.736708
 0.05956621 2.782077
 0.06456542 4.706787
 0.068 5.797223
 0.07161434000000001 6.663486
 0.07725525 7.549866
 0.08416354 8.24884
 0.08491187 8.772951
 0.08574804999999999 9.674547
 0.08621276 9.658498
 0.08718875000000001 8.956908
 0.09198835 9.258831
 0.1034775 9.346331
 0.124277 8.665465
 0.1712971 6.548894
 0.21348879999999998 5.136207
 0.249029 4.252168
 0.2899638 3.490206
 0.3419297 2.784182
 0.3871601 2.332187
 0.437774 1.949145
 0.5018188 1.588322
 0.5811313 1.268709
 0.6586835 1.043285
 0.7472515000000001 0.8539297
 0.8514051 0.6918191
 0.9624949 0.5659421
 1.079928 0.4673946
 1.2303439999999999 0.3754338
 1.259948 0.3629762
 1.2628959999999998 0.3867499
 1.266248 0.4297317
 1.2695239999999999 0.5018293
 1.2723680000000002 0.6047367
 1.275645 0.7891211
 1.278524 1.021524
 1.281685 1.341701
 1.286408 1.949019
 1.2945 3.063836
 1.300185 3.636315
 1.305959 3.971906
 1.315032 4.134389
 1.372461 3.984414
 1.544022 3.314182
 1.770619 2.692065
 1.9981130000000003 2.231926
 2.294897 1.785992
 2.598814 1.453622
 2.9546490000000003 1.16815
 3.341698 0.9431247
 3.7223289999999998 0.7783451
 4.1702520000000005 0.6337188
 4.74475 0.4999947
 5.30121 0.4066104
 5.8761969999999994 0.3342686
 6.549577 0.2717288
 7.146549 0.2293975
 7.938818 0.1867866
 8.709636 0.1554741
 9.64011 0.1269776
 10.79072 0.101151
 11.9694 0.08189608
 13.391729999999999 0.06503338
 14.69026 0.05369928
 16.26989 0.04336722
 17.85938 0.03568855
 19.45498 0.02976704
 21.590149999999998 0.02385649
 23.7899 0.01938936
 26.5035 0.01536856
 28.55041 0.01308634
 30.99857 0.01093987
 34.27624 0.008782645
 37.75338 0.00711077
 42.005269999999996 0.005615443
 46.18786 0.004551298
 51.28614 0.003609357
 55.66174 0.003005755
 60.809689999999996 0.002466379
 66.65478 0.002009824
 74.07175000000001 0.001587028
 80.44541 0.001319826
 87.83945999999999 0.001083584
 95.22478 0.0009039744
 103.2111 0.0007542792
 112.50309999999999 0.0006214079
 121.7864 0.0005203116
 132.70960000000002 0.0004299633
 144.9741 0.0003534743
 158.1653 0.0002916734
 175.16109999999998 0.0002333788
 190.7982 0.0001937786
 206.8669 0.0001628253
 229.0868 0.0001309433
 251.3138 0.000107795
 272.4171 0.00009132551
 296.85299999999995 0.0000766988
 327.34069999999997 0.00006313459
 361.2864 0.00005217291
 400.72970000000004 0.00004299818
 444.2561 0.00003574862
 489.7788 0.00003024811
 543.2502999999999 0.00002554451
 612.3944 0.00002124065
 699.842 0.00001755092
 801.2167000000001 0.00001475017
 922.5714 0.0000124991
 1070.165 0.00001072048
 1286.6219999999998 0.000008933072
 1546.86 0.000007443677
 1859.734 0.000006202607
 2235.8920000000003 0.000005168458
 2688.134 0.00000430673
 3231.848 0.000003588677
 3885.536 0.000002990344
 4671.441 0.000002491769
 5616.308 0.000002076321
 6752.287 0.00000173014
 8118.035000000001 0.000001441677
 9760.024 0.000001201309
 10000. 0.00000233752
