 0.001 0.
 0.002570754 0.
 0.002581827 3.311995
 0.002583409 3.780309
 0.002589737 6.916774
 0.002596092 15.51239
 0.002602466 25.81599
 0.0026088400000000003 40.08479
 0.002616011 60.77032
 0.002631648 111.1978
 0.002634736 120.0613
 0.0026412970000000003 133.2593
 0.002647318 138.1769
 0.0026541359999999996 133.4085
 0.00266098 119.1429
 0.002668499 96.03733
 0.002678957 60.19586
 0.002685331 41.04856
 0.0026917060000000003 25.86352
 0.002697306 15.54511
 0.00269808 14.36034
 0.0027044540000000002 7.899744
 0.002714015 2.008147
 0.002717203 0.
 0.003670505 0.
 0.0036863160000000002 3.06257E-14
 0.003688574 3.49561E-14
 0.003689468 3.78099E-14
 0.00370536 0.1455903
 0.0037076310000000003 0.1661767
 0.003711555 0.2254485
 0.0037167119999999996 0.330059
 0.003725793 0.5845234
 0.0037305180000000004 0.758707
 0.0037360089999999998 0.9933434
 0.0037452600000000003 1.466291
 0.0037711990000000003 2.922534
 0.003781415 3.260888
 0.003790496 3.352618
 0.003799577 3.224733
 0.003809794 2.850967
 0.003822848 2.174701
 0.0038347669999999998 1.51222
 0.003843848 1.06805
 0.003852929 0.7096823
 0.003859069 0.5219782
 0.003866859 0.3130028
 0.003871092 0.2196785
 0.0038759940000000002 0.1600783
 0.0038866150000000004 0.07590404
 0.003894265 0.02173743
 0.0038957980000000002 0.01912241
 0.00390498 0.009710573
 0.003914162 4.37971E-15
 0.003921981000000001 2.58842E-15
 0.003931225 1.31443E-15
 0.003940469 0.
 0.004330012 0.
 0.0043305 1.851467E-7
 0.004345374 0.00001421676
 0.004350635 0.01847603
 0.004366765000000001 0.197872
 0.004372643000000001 0.2790252
 0.004377461 0.3674677
 0.004383301 0.4955667
 0.004388156 0.6307121
 0.004394454 0.8331443
 0.00440592 1.29919
 0.004430939 2.491885
 0.004441634 2.886548
 0.004449081 3.044989
 0.00445974 3.090428
 0.004470399 2.902273
 0.004481356 2.505826
 0.004508755000000001 1.214245
 0.004511703000000001 1.084722
 0.004521971 0.70515
 0.004527199 0.556465
 0.004533021000000001 0.4104256
 0.004537895 0.3184439
 0.00454368 0.2242838
 0.004559286 0.04450441
 0.004564805 0.
 0.0048553419999999995 0.
 0.004867293 2.211246E-9
 0.0048792440000000005 4.375447E-9
 0.004891194 7.992112E-9
 0.004896392 1.03736E-8
 0.004903145 1.426769E-8
 0.004915096 2.315305E-8
 0.0049270469999999995 3.419274E-8
 0.004953799 6.276018E-8
 0.004954033 8.950786E-8
 0.004959781 0.00000172383
 0.004961987 0.00123079
 0.004984197 0.04155497
 0.004986801 0.04750836
 0.004996405 0.07632253
 0.0049987519999999995 0.08460609
 0.00501084 0.1407335
 0.005023053 0.2176522
 0.0050574439999999995 0.4841366
 0.005071907 0.5617194
 0.00508412 0.5834147
 0.005096333 0.5595295
 0.005108547 0.4955043
 0.005145187 0.2132612
 0.0051574 0.1372689
 0.005169613 0.08157824
 0.005179523 0.05101393
 0.0051818260000000005 0.04476226
 0.005197907 0.01464772
 0.005203939 0.00308962
 0.005206253 0.
 0.005230156 0.
 0.0052455869999999995 9.40981E-12
 0.005246719 0.0002056746
 0.005272547 0.01587945
 0.005285461 0.02890146
 0.005298375 0.04856985
 0.005311289 0.07536489
 0.005348877 0.1718336
 0.0053629459999999995 0.1966973
 0.0053758600000000005 0.204777
 0.005388774 0.1968265
 0.005402387 0.1730173
 0.005439256999999999 0.09046972
 0.005450386000000001 0.07379774
 0.005455576 0.07249096
 0.005466259 0.07551049
 0.005477991000000001 0.0869403
 0.005487624 0.1066391
 0.005492087 0.1190219
 0.005505001 0.1632151
 0.0055184679999999995 0.2268291
 0.0055619549999999995 0.4612812
 0.005575252 0.5156541
 0.005588549 0.5473838
 0.005601846000000001 0.5518184
 0.005615144 0.5285818
 0.005630922 0.4700083
 0.0056743720000000004 0.2449054
 0.005678448 0.2246287
 0.005691863 0.1730276
 0.005705279000000001 0.1345997
 0.005717201000000001 0.1055492
 0.005722771000000001 0.09820239
 0.005731418 0.08948664
 0.0057582150000000006 0.0716717
 0.005824855 0.06335263
 0.0058874700000000006 0.05703977
 0.006031092 0.05031602
 0.006061728 0.05367115
 0.0060766480000000005 0.06154736
 0.006091569 0.07252879
 0.006106489 0.08972734
 0.006121409 0.1149879
 0.006136756 0.1476248
 0.00617954 0.2535185
 0.00619601 0.2824375
 0.00621093 0.2944661
 0.00622585 0.2905852
 0.00624077 0.2714629
 0.006259852000000001 0.23031
 0.006300451 0.1268512
 0.006315371 0.09622113
 0.006330291 0.07199234
 0.006341166 0.06096728
 0.006356112000000001 0.05038079
 0.006360132 0.04827329
 0.0063711720000000005 0.04660774
 0.006377712000000001 0.04771268
 0.006393332999999999 0.05363824
 0.006402535 0.05968255
 0.006408954 0.06533305
 0.006423607 0.08167132
 0.006471438 0.1496899
 0.006487059 0.1669562
 0.00650268 0.1770515
 0.006518301 0.1787935
 0.006534147 0.171138
 0.006582159 0.1289805
 0.006598163000000001 0.1202645
 0.006614167 0.1179492
 0.006639156 0.1219314
 0.006680187000000001 0.1367025
 0.006720345 0.1399289
 0.006797077 0.1379318
 0.006905278 0.1401054
 0.006981779 0.13351
 0.007025002 0.1301077
 0.007084084 0.1339706
 0.007182462 0.1476879
 0.008042489 0.1910826
 0.009429952 0.2776603
 0.01641569 0.7558429
 0.02037654 0.9740468
 0.024474740000000002 1.121356
 0.029514020000000002 1.203031
 0.031215569999999998 1.212765
 0.03125666 1.600208
 0.031400199999999996 15.19621
 0.03141053 16.21553
 0.031487459999999995 28.42104
 0.03156439 46.78425
 0.03164865 74.63275
 0.03182636 147.9183
 0.03188266 171.5932
 0.0319701 196.6747
 0.03205135 207.7768
 0.03213009 206.591
 0.03225089 188.43
 0.03259857 114.7167
 0.03272803 82.93394
 0.03279534 63.72639
 0.032930949999999994 36.60622
 0.033009119999999996 24.06277
 0.03308729 14.83114
 0.033165450000000006 8.705895
 0.033321790000000004 1.216177
 0.03611195 1.21103
 0.03628972 1.323195
 0.03637861 1.416164
 0.036467490000000005 1.557323
 0.03656052 1.761478
 0.03666645 2.050386
 0.03682303 2.565885
 0.03692545 2.833075
 0.03701567 3.008309
 0.03712874 3.139345
 0.03728771 3.236736
 0.03760232 3.317553
 0.038217209999999995 3.161289
 0.040243469999999996 2.94142
 0.04413051 2.373345
 0.04701256 2.06645
 0.049950839999999996 1.872829
 0.053316329999999995 1.765382
 0.05628736 1.736517
 0.05670299 1.875336
 0.056980079999999995 2.100288
 0.0573764 2.557417
 0.05753426 2.682438
 0.0576728 2.719913
 0.05781134 2.680459
 0.05805736 2.456789
 0.05834589 2.142601
 0.05849021 2.025492
 0.05868961 1.942273
 0.05906957 1.962557
 0.0595241 2.111514
 0.06013423 2.137504
 0.06904742999999999 2.318664
 0.09018893 2.831267
 0.106 3.048616
 0.1273503 3.139218
 0.1669168 3.03756
 0.3257547 2.039973
 0.3921536 1.727103
 0.3940841 4.797914
 0.3950493 7.341208
 0.3960146 11.19732
 0.39706620000000004 17.21627
 0.40016789999999997 41.10187
 0.4011257 46.8972
 0.40214629999999996 50.68527
 0.40312570000000003 51.74207
 0.4041908 50.10376
 0.4054915 45.30358
 0.40964 24.93193
 0.4115084 17.55315
 0.4125787 15.70501
 0.41376260000000004 14.50666
 0.41507499999999997 13.96384
 0.4164003 13.54834
 0.42000000000000004 14.54732
 0.4271516 14.86595
 0.48193569999999997 13.10218
 0.4879945 13.52748
 0.4936727 14.17299
 0.621562 10.88803
 0.7497263000000001 8.484915
 0.8826787 6.732299
 1.0188840000000001 5.436425
 1.175532 4.366796
 1.351883 3.508019
 1.5552000000000001 2.802484
 1.7496 2.313023
 1.983308 1.879372
 2.230581 1.542562
 2.528661 1.24619
 2.847418 1.015945
 3.194942 0.8315733
 3.571507 0.684135
 4.019648 0.5552062
 4.353304 0.4858072
 4.3711009999999995 0.5078397
 4.384196 0.548516
 4.39494 0.6140626
 4.402805 0.6892699
 4.410906 0.7961799
 4.421591 0.9938884
 4.4320260000000005 1.250068
 4.446847 1.712898
 4.479872 2.868742
 4.49824 3.353423
 4.512795 3.601548
 4.541048 3.800633
 4.677351 3.708679
 5.4490620000000005 2.928889
 6.256355 2.339761
 7.101366 1.901041
 8.109078 1.516418
 9.144648 1.232753
 10.06534 1.040346
 11.23432 0.8547332
 12.61817 0.6919777
 13.9689 0.5735284
 15.47946 0.4730683
 16.99956 0.3965325
 18.88919 0.3239497
 21.00483 0.2639211
 23.11527 0.2187173
 25.72165 0.1773004
 28.27102 0.1467986
 31.63273 0.117206
 34.83402 0.09635052
 38.06074 0.08041758
 41.71809 0.06660284
 46.39954 0.05344145
 52.05346 0.04209705
 57.91632 0.03364704
 63.251349999999995 0.02796503
 70.6926 0.02211363
 77.0907 0.01838982
 84.68612 0.015065
 94.40608999999999 0.01196374
 103.4755 0.009843326
 113.8599 0.008023907
 123.9153 0.006699078
 135.87959999999998 0.005503819
 148.2126 0.004574278
 165.2644 0.003637686
 180.8348 0.003009573
 197.63729999999998 0.002502439
 217.46540000000002 0.002053469
 237.9332 0.001708336
 262.2709 0.001403931
 288.2897 0.001165126
 316.2487 0.0009737618
 346.7369 0.0008176359
 389.0709 0.0006615666
 427.3476 0.0005599636
 476.0113 0.0004660022
 537.3217 0.000382897
 602.2148000000001 0.0003218511
 690.3387 0.0002648647
 785.2356 0.0002244897
 903.682 0.0001902429
 1005.773 0.0001693102
 1173.413 0.0001446073
 1410.753 0.0001197043
 1696.0980000000002 0.00009908985
 2039.1580000000001 0.00008202546
 2451.607 0.00006789975
 2947.48 0.00005620665
 3543.6510000000003 0.00004652723
 4260.405000000001 0.00003851472
 5122.134 0.00003188205
 6158.159000000001 0.0000263916
 7403.736 0.00002184667
 8901.248000000001 0.00001808443
 9760.024 0.00001645373
 10000. 0.00003256582
