 0.001 0.
 0.002682982 0.
 0.002694538 1.610681
 0.002696189 1.838431
 0.0027022480000000004 3.232201
 0.0027027929999999998 3.51083
 0.002709397 7.665229
 0.002716001 12.71293
 0.002722605 19.68916
 0.002730034 29.78366
 0.002746234 54.33407
 0.0027494330000000003 58.6412
 0.00275698 65.34993
 0.0027624750000000003 67.42324
 0.002769531 65.10634
 0.002776626 58.17744
 0.002785817 44.72221
 0.002795365 29.37814
 0.002802016 20.02293
 0.002808667 12.64689
 0.0028153189999999997 6.977105
 0.00282197 3.838163
 0.002831947 0.9756766
 0.002835272 0.
 0.0030765149999999997 0.
 0.003090241 5.48565E-14
 0.00309166 6.04764E-14
 0.003095781 8.76498E-14
 0.00311114 0.580137
 0.003118963 1.076504
 0.0031266139999999998 1.809448
 0.0031343810000000003 2.825836
 0.0031574130000000004 6.479854
 0.0031651680000000003 7.279561
 0.003172218 7.604995
 0.003180428 7.415209
 0.003192523 6.278356
 0.0032024590000000004 5.198777
 0.0032100790000000002 4.599062
 0.0032186520000000002 4.344541
 0.003226272 4.425105
 0.003241471 4.896607
 0.003256136 4.776164
 0.0032629620000000003 4.437141
 0.003277802 3.100579
 0.0032863650000000003 2.23097
 0.0032941660000000003 1.539305
 0.003301967 0.9910824
 0.003309768 0.5960051
 0.0033141900000000003 0.440982
 0.003322039 0.1919372
 0.00332537 0.09679854
 0.003329887 0.06579538
 0.003337735 0.03341162
 0.0033455840000000004 0.
 0.003759114 0.
 0.003768367 7.43064E-16
 0.003777619 1.47032E-15
 0.003786872 2.68566E-15
 0.003796125 4.52839E-15
 0.003805377 7.0484E-15
 0.00381463 1.01272E-14
 0.003823882 1.34322E-14
 0.0038331349999999997 1.64458E-14
 0.003842387 1.85873E-14
 0.00385164 1.93925E-14
 0.003860893 1.86768E-14
 0.003870145 1.66046E-14
 0.003879398 1.36272E-14
 0.0038979030000000003 7.21977E-15
 0.003907155 4.66084E-15
 0.003916408 2.77752E-15
 0.003925661 1.52794E-15
 0.003934913 7.75904E-16
 0.003944166 0.
 0.004152648 0.
 0.004162869 1.218751E-8
 0.00417309 2.411573E-8
 0.004183311 4.404934E-8
 0.004193533 7.427325E-8
 0.0042037540000000005 1.156057E-7
 0.004213975 1.661039E-7
 0.004224196 2.203101E-7
 0.004234417999999999 2.697385E-7
 0.0042454829999999995 3.059517E-7
 0.004255933 3.244282E-7
 0.004266382 3.170287E-7
 0.004276832 2.924748E-7
 0.004297731 2.314263E-7
 0.004308181 2.127526E-7
 0.004316187 2.057023E-7
 0.00433953 2.113713E-7
 0.00434998 2.068633E-7
 0.004357072 1.930711E-7
 0.00436043 1.90719E-7
 0.004370879 1.695579E-7
 0.0043806750000000005 1.410611E-7
 0.004381515 2.870028E-7
 0.004403084 0.000009753379
 0.004408774 0.00001385127
 0.004414766 0.01433219
 0.0044304769999999995 0.1323626
 0.004436499 0.1865245
 0.004441329 0.2463936
 0.004447365 0.3334689
 0.004458232 0.5509759
 0.004470327 0.8806279
 0.004495587 1.69398
 0.00450797 1.995218
 0.004513243 2.079617
 0.004524109 2.128533
 0.0045356549999999995 1.998047
 0.004547067 1.721067
 0.004575636 0.8127132
 0.0045824 0.6279985
 0.004588628 0.4788375
 0.004599495 0.2827429
 0.004604103 0.2240156
 0.004610361 0.1542063
 0.0046258060000000005 0.03411176
 0.004632094000000001 0.
 0.004774199 0.
 0.004775048 1.878685E-9
 0.004798555 2.592243E-7
 0.004808300000000001 4.347168E-7
 0.00483197 0.08492874
 0.004843805 0.1551289
 0.004856457 0.271592
 0.004869074 0.4311011
 0.004904333 0.9837113
 0.0049175550000000005 1.135679
 0.004929331 1.204504
 0.004941724000000001 1.206972
 0.004988319 0.9847796
 0.005017997999999999 0.85707
 0.00503035 0.7831892
 0.0050497089999999994 0.606184
 0.005070024 0.4592044
 0.005079754 0.413555
 0.005087912 0.3907998
 0.005099961 0.387703
 0.005124059 0.4373732
 0.005131802 0.4472765
 0.005140134 0.4466225
 0.00514416 0.4502514
 0.005156518 0.4315026
 0.005168875 0.3818659
 0.005205948 0.164057
 0.005218305 0.1055427
 0.005229923 0.06504728
 0.005240319 0.0399677
 0.00524302 0.03438401
 0.005255378000000001 0.01684059
 0.005265021999999999 0.002749271
 0.005267735 0.
 0.005287095 0.
 0.0053027790000000005 4.33734E-12
 0.005304126 0.0002021588
 0.005330237 0.013107
 0.005343292 0.02383912
 0.005356347 0.04003683
 0.005369403 0.0620873
 0.005382458 0.08934247
 0.005414871999999999 0.1802097
 0.005454758 0.3219088
 0.005472871000000001 0.4080918
 0.00552146 0.6913711
 0.005540059 0.7559721
 0.0055589079999999996 0.7706287
 0.005586694 0.7348981
 0.005616126 0.6502809
 0.005640485000000001 0.5454956
 0.005683154 0.3071912
 0.005699165 0.2403698
 0.005710793 0.2064053
 0.005722624 0.1832142
 0.005734678 0.1774544
 0.005745028 0.1870205
 0.005754869 0.209113
 0.005775323 0.2760731
 0.005807496 0.4203727
 0.005826046 0.4711621
 0.00584172 0.4884072
 0.005877883 0.478073
 0.005911207999999999 0.4584296
 0.005964106 0.4554237
 0.006016141 0.4223605
 0.006041757 0.4237313
 0.006106775 0.4708771
 0.006210774 0.4686882
 0.0062821959999999994 0.4754284
 0.006359191 0.4677807
 0.006625565 0.5266587
 0.016384000000000003 2.100684
 0.02697402 3.679424
 0.033849439999999995 4.477174
 0.041274479999999995 5.000084
 0.042694039999999996 5.060637
 0.042786859999999996 5.399193
 0.042997480000000005 13.14834
 0.0431028 19.65938
 0.04320811 29.4459
 0.04334212 47.13065
 0.043618790000000005 89.29479
 0.043731320000000004 101.0612
 0.043850129999999994 107.6811
 0.04398128 103.3351
 0.04416114 87.41432
 0.04429125 74.69373
 0.0443922 67.59893
 0.04450577 63.41007
 0.04470034 61.65924
 0.04483168 59.00015
 0.0449025 55.57478
 0.04494404 54.40706
 0.04504914 48.9238
 0.045361280000000004 25.5779
 0.04546895 18.8826
 0.04557663 13.81101
 0.0456843 10.30205
 0.04589966 5.781513
 0.04613785 5.37024
 0.04644733 5.166655
 0.04703219 5.215552
 0.04740159 5.477215
 0.04810977 6.759641
 0.04913549 7.54164
 0.05013863 7.571043
 0.05974501 6.26235
 0.06648749999999999 5.750085
 0.07420455 5.480322
 0.07493512999999999 5.614962
 0.07585776 6.051396
 0.07646502 5.963295
 0.07715773000000001 5.711496
 0.1 5.757165
 0.145 5.393213
 0.2678253 3.875407
 0.3388442 3.201704
 0.4270428 2.580252
 0.5306315 2.054465
 0.5606386 1.939539
 0.5633984999999999 3.831416
 0.5647913999999999 5.42457
 0.5663112 8.168974
 0.5678369999999999 11.9861
 0.5703199 19.77616
 0.5719207 25.04368
 0.5736117000000001 29.07259
 0.5750261 31.0684
 0.5765619000000001 31.64917
 0.5785231 30.65007
 0.5833607999999999 26.14526
 0.5874072 21.21303
 0.5886521 19.48213
 0.5918762000000001 16.73861
 0.594625 15.63004
 0.5979857000000001 15.24223
 0.6058469999999999 15.60433
 0.6445906 14.57984
 0.6729347999999999 13.7662
 0.6831485 14.30165
 0.6905104 14.72335
 0.8474713 11.46218
 1.005499 9.07607
 1.1557169999999999 7.416524
 1.335892 5.962877
 1.540203 4.784989
 1.758551 3.873936
 2.0098070000000003 3.122493
 2.264644 2.564039
 2.566104 2.080402
 2.840652 1.751875
 3.263036 1.38101
 3.688911 1.116631
 4.165871 0.9030922
 4.648831 0.7450406
 5.222933 0.6054813
 5.788835 0.5037263
 5.814640000000001 0.5056091
 5.840165 0.5335389
 5.855531 0.5765563
 5.869838 0.6500439
 5.881722 0.7461138
 5.8957690000000005 0.9099216
 5.909590000000001 1.131105
 5.925991000000001 1.472201
 5.9832339999999995 2.898767
 6.011813 3.397812
 6.035780999999999 3.626107
 6.082005 3.754534
 7.430857 2.781012
 8.474713 2.240141
 9.599202 1.821384
 10.833179999999999 1.480177
 12.24938 1.195607
 13.81244 0.9657688
 15.3768 0.7957289
 17.05187 0.6582384
 19.05461 0.535475
 21.06189 0.4439272
 23.41497 0.3624867
 25.790090000000003 0.3012307
 28.634420000000002 0.2457438
 31.25886 0.2070182
 34.76511 0.1676467
 37.9504 0.1408349
 41.80605 0.1158671
 46.2809 0.0943441
 51.7001 0.07525471
 57.47533 0.06055813
 63.65382 0.0490541
 69.61932 0.04070646
 77.29822 0.03273673
 85.68329 0.02640084
 93.80679 0.02183783
 104.1482 0.01752793
 113.9922 0.01449818
 123.68560000000001 0.0122191
 135.83700000000002 0.01003323
 148.43 0.008332938
 161.46779999999998 0.006989613
 177.321 0.005760027
 195.0573 0.004728481
 215.2993 0.003866998
 234.5903 0.003249749
 260.7487 0.002630844
 288.4032 0.002160835
 315.3189 0.001820237
 347.7675 0.001514276
 385.2756 0.001256129
 422.91200000000003 0.001065827
 474.0032 0.0008784635
 525.03 0.0007447224
 582.5222 0.0006343858
 645.8865999999999 0.000545657
 708.57 0.0004804085
 812.8305 0.0004045115
 941.3475999999999 0.0003413715
 1120.6009999999999 0.0002845975
 1347.258 0.0002352287
 1619.761 0.0001944239
 1947.381 0.0001606974
 2341.2670000000003 0.0001328214
 2814.822 0.000109781
 3384.16 0.00009073742
 4068.6549999999997 0.00007499731
 4891.6 0.00006198761
 5880.996 0.00005123469
 7070.513 0.00004234706
 8500.626 0.00003500117
 9760.024 0.00003034079
 10000. 0.00006028526
