 0.001 -29.91705
 0.003019609 -28.81921
 0.003804819 -26.99879
 0.0041607300000000005 -24.74519
 0.004353152 -22.12793
 0.004461331 -19.44796
 0.004534778 -16.48198
 0.0045776129999999995 -13.9152
 0.004614739 -10.78817
 0.004639611 -7.907647
 0.004656273 -5.407052
 0.0046605 -4.669947
 0.004667897 -3.249558
 0.004673445 -2.050943
 0.004677606 -1.056683
 0.004680727 -0.2435137
 0.004685408 1.123923
 0.004687749 1.908315
 0.004688919 2.345774
 0.004691532 3.498638
 0.0047102920000000005 10.13035
 0.004724722 16.59142
 0.004736266 22.35894
 0.0047445099999999995 27.20163
 0.0047503169999999996 30.64228
 0.004756349 32.73473
 0.00477188 35.85307
 0.004781168 35.81568
 0.004789209 33.91786
 0.004798645 29.40457
 0.0048055300000000006 24.28073
 0.0048141880000000005 15.95591
 0.004817073999999999 12.52523
 0.004824289 3.418622
 0.004826454 0.4590032
 0.004827536 -1.130085
 0.004828077 -1.973929
 0.00482934 -4.136386
 0.0048374989999999994 -16.62909
 0.004840252 -21.56339
 0.004844554 -29.04071
 0.004845448 -29.66728
 0.004851375 -19.38043
 0.004853575000000001 -15.03752
 0.0048616630000000004 -1.56503
 0.004862457000000001 -0.1681571
 0.004862853 0.568304
 0.004863611 2.133684
 0.00486431 3.400717
 0.0048656210000000005 5.579373
 0.004867914 9.101303
 0.004874794 19.14519
 0.004876869 22.17212
 0.004882787 29.02334
 0.004890487000000001 36.44126
 0.004898551 41.31661
 0.004906368 43.7766
 0.0049144769999999996 43.84298
 0.004920971 42.00328
 0.004931358 37.03042
 0.0049430360000000005 30.47238
 0.004958728000000001 21.38966
 0.004975151000000001 13.65167
 0.00497807 11.80817
 0.004980933999999999 10.02481
 0.0049866419999999995 7.485459
 0.00499043 6.090188
 0.004994203 4.847609
 0.004997961 3.723668
 0.005001705 2.696493
 0.0050054340000000004 1.750646
 0.005012862 0.05616778
 0.005020233 -1.422126
 0.005027546 -2.72853
 0.005034802 -3.894593
 0.0050491450000000005 -5.89429
 0.005070241 -8.282423
 0.005090901 -10.16373
 0.005130836999999999 -12.94669
 0.0051812329999999995 -15.44539
 0.0052514729999999996 -17.846
 0.0053737279999999995 -20.46604
 0.005560779 -22.73277
 0.0059563229999999995 -25.06979
 0.006767808 -27.95103
 0.006869457 -29.56495
 0.006902875 -29.99902
 0.006952791 -29.79146
 0.006969566 -30.00696
 0.007022084 -26.09972
 0.007062198 -23.52055
 0.007098961 -23.02045
 0.0072322540000000005 -25.62811
 0.007675881 -27.84689
 0.007804728 -26.26084
 0.008016707999999999 -27.34934
 0.008318606999999999 -27.23316
 0.01160837 -29.13517
 0.01218624 -30.24731
 0.012368339999999999 -28.56586
 0.01253731 -25.21883
 0.012594270000000001 -25.89967
 0.012655449999999999 -28.86039
 0.012682019999999999 -30.33987
 0.01275063 -26.52499
 0.01280303 -25.5009
 0.012895740000000001 -27.03866
 0.01296058 -27.37645
 0.0130285 -25.80313
 0.01312239 -22.717
 0.0131853 -22.24265
 0.01343306 -25.47896
 0.0138579 -27.11024
 0.014553529999999999 -28.85562
 0.014747090000000001 -29.21865
 0.01497565 -27.62607
 0.01521699 -27.95898
 0.01547494 -27.76137
 0.01596697 -28.10827
 0.03758374 -29.98781
 0.05432503 -29.22296
 0.08536911 -25.9351
 0.08786878 -25.98029
 0.0899904 -25.40081
 0.1000551 -23.35578
 0.1255761 -20.70822
 0.1330094 -20.5252
 0.1352149 -19.64394
 0.1690037 -16.58493
 0.2091485 -13.9552
 0.24900150000000001 -12.13656
 0.2963978 -10.73137
 0.363057 -9.605001
 0.43998170000000003 -9.011653
 0.5329973 -8.845659
 0.6366868 -9.105284
 0.7542553 -9.897633
 0.8475561 -11.07608
 0.9128256 -12.49574
 0.9571115 -14.11489
 0.9853590000000001 -15.85795
 1.000926 -17.47568
 1.014002 -19.93593
 1.026386 -22.64919
 1.035839 -23.05228
 1.050555 -21.65621
 1.080117 -16.22747
 1.095367 -14.33633
 1.115993 -12.69261
 1.144001 -11.30746
 1.163766 -11.00138
 1.176262 -10.93362
 1.188066 -10.17341
 1.2037250000000002 -9.016476
 1.2302549999999999 -7.748053
 1.269325 -6.448143
 1.317396 -5.301416
 1.375935 -4.25652
 1.447369 -3.296727
 1.517105 -2.585992
 1.6027689999999999 -1.928088
 1.686029 -1.439326
 1.7328059999999998 -1.219702
 1.80145 -0.9506438
 1.8684070000000002 -0.7392225
 1.910013 -0.6338606
 1.9589680000000003 -0.5240352
 2.0107660000000003 -0.4238889
 2.068838 -0.3280183
 2.1379620000000004 -0.2304942
 2.188054 -0.1770878
 2.2290769999999998 -0.1403133
 2.287999 -0.09367233
 2.340858 -0.06051012
 2.361158 -0.0489737
 2.406613 -0.0283647
 2.42593 -0.02179543
 2.4605740000000003 -0.006575916
 2.46554 -0.004705004
 2.5011780000000003 0.008114423
 2.5201339999999997 0.01407761
 2.5590119999999996 0.02531419
 2.607654 0.03753952
 2.697837 0.05400678
 2.7625710000000003 0.06099071
 2.840652 0.06279865
 2.907145 0.06074317
 2.95546 0.05670355
 3.081 0.04313875
 3.108136 0.03948642
 3.176388 0.02773532
 3.28501 0.006755744
 3.311311 0.0009196769
 3.3251359999999996 -0.00213344
 3.373204 -0.01321333
 3.4397059999999997 -0.02961562
 3.546538 -0.05461232
 3.632741 -0.07689767
 4.205596 -0.2417024
 6.553225 -0.9515223
 7.337196 -1.227476
 7.999674 -1.527928
 8.441239999999999 -1.80263
 8.788067999999999 -2.108436
 9.037251 -2.430881
 9.21889 -2.784122
 9.351412999999999 -3.192599
 9.434454 -3.624961
 9.581562 -4.840935
 9.629869 -4.933307
 9.678107 -4.683907
 9.80916 -3.45742
 9.873956 -3.045015
 9.963845000000001 -2.657848
 10.09136 -2.269388
 10.26727 -1.885316
 10.47468 -1.556879
 10.72028 -1.264333
 11.02714 -0.9888926
 11.33601 -0.7769745
 11.62075 -0.6159648
 11.89447 -0.486472
 12.17022 -0.3779428
 12.47173 -0.2785289
 12.78372 -0.1918879
 13.0884 -0.1202912
 13.4339 -0.05079102
 13.780560000000001 0.008078386
 14.11812 0.05706961
 14.41339 0.09386429
 14.72998 0.1283936
 15.11511 0.165467
 15.52308 0.1988998
 15.93182 0.2262197
 16.694679999999998 0.2635329
 17.54212 0.2915549
 18.952900000000003 0.3196435
 20.467579999999998 0.3306065
 22.970319999999997 0.3240635
 27.08015 0.2906346
 36.909780000000005 0.1970843
 43.16454 0.1495162
 49.369589999999995 0.1123853
 55.32277 0.08375795
 60.63905 0.06296121
 66.02213 0.04520314
 70.41355 0.03288502
 75.56915000000001 0.0204981
 78.55571 0.01405705
 82.22878999999999 0.006888139
 84.47963999999999 0.002874258
 86.20822 -0.00006888154
 86.39151000000001 -0.0003790439
 88.5836 -0.003889275
 92.5182 -0.009718287
 96.50586 -0.01505654
 104.0501 -0.02380271
 112.35770000000001 -0.03187375
 123.4614 -0.04060474
 138.2753 -0.04960587
 161.3467 -0.05960932
 195.68859999999998 -0.06919097
 251.7429 -0.07798242
 342.9528 -0.08470621
 549.5409 -0.08991632
 1286.6219999999998 -0.09279446
 3885.536 -0.09336504
 10000. -0.09340337
