 0.001 0.
 0.003048657 0.
 0.008954331 0.
 0.0089929 1.108931
 0.00899841 1.265734
 0.00902045 2.311966
 0.00904249 3.898292
 0.009067285 6.398265
 0.009105511 11.16225
 0.009132028 14.27241
 0.009154713 16.0645
 0.009177682 16.6118
 0.009199871 15.82761
 0.009223335 13.76889
 0.009260517000000001 9.194104
 0.00928493 6.215191
 0.009308347 3.911208
 0.00932901 2.39105
 0.00935105 1.315336
 0.009382732 0.3761041
 0.009395129 0.
 0.009661016 0.
 0.00970263 0.491576
 0.009708575 0.5610846
 0.009732353999999999 1.024867
 0.009756134 1.728066
 0.009782886 2.836275
 0.009824546 4.970299
 0.009852736999999999 6.326791
 0.009877213999999999 7.121203
 0.00990133 7.371429
 0.009924997000000001 7.047324
 0.009951251 6.103585
 0.009991367000000001 4.075637
 0.010017709999999999 2.75512
 0.01004297 1.733792
 0.01006527 1.059924
 0.01008904 0.5830731
 0.01012323 0.166725
 0.0101366 0.000003879338
 0.01016131 0.00000723431
 0.01018614 0.00001252695
 0.01021096 0.0000200564
 0.01023579 0.00002969181
 0.01028554 0.00005148288
 0.01031042 0.0000602561
 0.01033531 0.00006519285
 0.0103602 0.00006520537
 0.01038509 0.00006029346
 0.010409980000000001 0.00005154364
 0.010459749999999999 0.00002976979
 0.01048464 0.00002011316
 0.01050953 0.00001256379
 0.01053441 0.00000725591
 0.0105593 0.000003854506
 0.01058337 0.000001314601
 0.01060908 0.
 0.010793529999999999 0.
 0.010818030000000001 3.21113E-14
 0.01087128 0.000002251038
 0.01088801 0.000003418569
 0.01088879 0.00245561
 0.010911430000000001 0.7092976
 0.01094239 1.806927
 0.010969189999999998 3.315296
 0.01099599 5.617608
 0.01102507 9.129744
 0.011104870000000001 21.09345
 0.01113246 23.92963
 0.01116039 24.95954
 0.01118782 23.95525
 0.01121409 21.32888
 0.0112767 12.01287
 0.01129081 9.830764
 0.011319280000000001 6.271293
 0.01134441 3.885993
 0.01137121 2.170183
 0.01139801 1.118729
 0.01142399 0.1461325
 0.01142481 0.1179969
 0.01144857 0.
 0.011550989999999999 0.
 0.01155148 0.0007752139
 0.01157217 0.3270473
 0.01159471 0.7158905
 0.01160834 1.13416
 0.01163677 2.343244
 0.011652570000000001 3.253039
 0.01166782 4.322323
 0.011689040000000001 6.197634
 0.01171383 8.899168
 0.01180293 20.44986
 0.01183881 23.23631
 0.011869260000000001 23.625
 0.01189727 22.50746
 0.01193222 19.29905
 0.01199866 12.09104
 0.01200925 11.13299
 0.01203663 9.346913
 0.012064150000000001 8.487505
 0.01209129 8.163975
 0.01212793 8.137564
 0.01221762 8.704224
 0.012284 8.648872
 0.012339909999999999 9.127087
 0.01239356 10.28582
 0.01252026 14.23265
 0.01256562 14.69224
 0.01260622 14.30006
 0.01272705 11.79156
 0.012765750000000001 11.7919
 0.012826240000000001 12.36854
 0.01293803 13.33762
 0.01367913 14.70609
 0.01469088 15.9784
 0.01571737 16.15909
 0.017090599999999997 15.05962
 0.021166400000000002 9.180481
 0.02314554 6.929952
 0.024744529999999997 5.566907
 0.02619211 4.588797
 0.02799288 3.652153
 0.029807069999999998 2.948079
 0.03167001 2.402273
 0.033496540000000005 1.993985
 0.03575247 1.617741
 0.037987 1.342406
 0.0405 1.114205
 0.04268098 0.9660229
 0.04565129 0.8179755
 0.048772510000000005 0.70912
 0.05308844 0.611254
 0.058246730000000004 0.5449126
 0.06524713 0.5056418
 0.075 0.4980357
 0.08937719 0.522147
 0.08981718 0.5585064
 0.09003717 0.5882907
 0.09025735 0.6333223
 0.09048302999999999 0.696779
 0.09095961999999999 0.8849799
 0.0914073 1.066118
 0.09188431999999999 1.193168
 0.09261441000000001 1.295365
 0.09312093 1.331089
 0.09447841 1.282918
 0.09746687 1.348411
 0.10145080000000001 1.488272
 0.10450000000000001 1.674936
 0.10763160000000001 1.975234
 0.1108564 2.424378
 0.1141274 3.036962
 0.118786 4.153305
 0.1325 7.841967
 0.14300000000000002 10.14114
 0.16 13.10681
 0.17664939999999998 15.24821
 0.1960803 16.61532
 0.2018924 17.11431
 0.2159778 18.64653
 0.24575999999999998 19.11775
 0.2736555 19.05102
 0.2803 19.39324
 0.363078 16.97173
 0.4782858 13.40828
 0.5883804 10.81763
 0.7125991 8.684362
 0.8337112 7.164978
 0.973027 5.877847
 1.1415629999999999 4.749592
 1.309117 3.934733
 1.517972 3.192304
 1.6355110000000002 2.896672
 1.644483 3.013738
 1.650416 3.263035
 1.654961 3.61602
 1.659928 4.209844
 1.665327 5.112316
 1.6819039999999998 8.537484
 1.690596 9.812535
 1.704231 10.81719
 1.721325 12.00783
 1.7429999999999999 14.02549
 1.75925 14.57997
 1.828044 14.19479
 1.881602 13.89673
 1.921447 14.92608
 2.339805 11.33516
 2.7034920000000002 9.127198
 3.127337 7.278041
 3.5995649999999997 5.817093
 4.083443 4.733055
 4.6655999999999995 3.792848
 5.337842 3.022581
 6.0588489999999995 2.432944
 6.786244 1.999576
 7.582267 1.647079
 8.53585 1.336032
 9.586518 1.086457
 10.75663 0.8836125
 12.05137 0.7196121
 13.62094 0.5758459
 13.92587 0.5572439
 13.99445 0.5753542
 14.03493 0.6112288
 14.06886 0.6702252
 14.09812 0.7523294
 14.1318 0.8931522
 14.164919999999999 1.087757
 14.20354 1.386988
 14.263100000000001 1.962543
 14.34451 2.766697
 14.415000000000001 3.263495
 14.494200000000001 3.53163
 14.62099 3.59666
 16.95663 2.850414
 19.37222 2.290937
 21.65036 1.897991
 24.438809999999997 1.540224
 27.61524 1.24492
 31.282890000000002 0.9961367
 34.82456 0.8213677
 39.05549 0.6646094
 43.66577 0.5407207
 48.26173 0.4474746
 53.37729 0.3699223
 58.92675 0.3058925
 65.08742000000001 0.2525132
 72.26207 0.2059727
 78.99817 0.1729657
 87.67011 0.1409132
 98.18129 0.1125586
 110.3855 0.08921374
 120.93900000000001 0.07443016
 132.3759 0.06219279
 145.1454 0.05177354
 159.0151 0.04317272
 175.5503 0.03546858
 193.2503 0.02936462
 214.34529999999998 0.02397336
 235.98669999999998 0.01990052
 258.1815 0.01675114
 285.1018 0.01390837
 314.4975 0.01160008
 346.98639999999995 0.009708075
 386.11679999999996 0.00804248
 432.7629 0.006626461
 480.0096 0.005596361
 535.5082 0.004719285
 593.9501 0.004046405
 676.5697 0.003373461
 778.0602 0.002819295
 912.6673 0.002340891
 1070.165 0.001975456
 1289.742 0.001620419
 1560.5880000000002 0.001323738
 1859.734 0.001098379
 2235.8920000000003 0.0009031931
 2688.134 0.0007426923
 3231.848 0.0006107131
 3885.536 0.0005021871
 4671.441 0.0004129466
 5616.308 0.0003395644
 6752.287 0.0002792226
 8118.035000000001 0.0002296037
 9760.024 0.0001888023
 10000. 0.0003800409
