 0.001 0.
 0.003039584 0.
 0.007437944 0.
 0.0074699829999999995 1.02806
 0.00747456 1.173428
 0.007492866999999999 2.143362
 0.007511175 3.614002
 0.0075317710000000005 5.93166
 0.007563523 10.34822
 0.0075855490000000005 13.23157
 0.007604392999999999 14.89297
 0.007623472 15.40036
 0.007641903 14.67336
 0.007661393999999999 12.76477
 0.007692279 8.523607
 0.007712558 5.761937
 0.007732010000000001 3.625976
 0.007749173 2.216679
 0.00776748 1.219413
 0.007793797999999999 0.348676
 0.007804095999999999 0.
 0.007993949 0.
 0.00802844 0.4621607
 0.008033301 0.5266416
 0.008052977 0.9619539
 0.008072652999999999 1.621987
 0.008094789000000002 2.662166
 0.008129261 4.66519
 0.008152587999999999 5.938412
 0.00817284 6.684057
 0.008193478 6.910044
 0.008213154 6.585493
 0.008234102 5.728907
 0.008267296 3.825448
 0.008289089999999999 2.585993
 0.008309996 1.627361
 0.008328443000000001 0.9948591
 0.008348119 0.5472802
 0.008376403 0.156488
 0.008387470999999999 0.
 0.008514213 0.
 0.008537627 0.000001168893
 0.008556127 0.000002929306
 0.008577083 0.000005594312
 0.008579656 0.000006029386
 0.008598040000000001 0.000009699839
 0.008621684000000001 0.00001641838
 0.008642699 0.00002410862
 0.008684727 0.00004116562
 0.008705741 0.00004787007
 0.008726756 0.00005150215
 0.00874777 0.00005126416
 0.008768784 0.0000472086
 0.008789799000000001 0.00004021937
 0.008831827 0.00002311107
 0.008852841 0.00001558659
 0.008870477 0.0000105455
 0.008873856 0.000009723235
 0.008891432999999999 0.00000618689
 0.00889487 0.000005610131
 0.008915884 0.000002908278
 0.008933347 0.000001179602
 0.008957913 0.
 0.009070218 0.
 0.009093631999999999 2.12115E-14
 0.009127205999999999 0.000001355022
 0.009138397000000001 0.000001800967
 0.00916078 0.000003289613
 0.009183163 0.00000554674
 0.009205546 0.000008633455
 0.009244459 0.00001539251
 0.009245093999999999 0.002454346
 0.009290605 1.728209
 0.009312722 3.154631
 0.009336116 5.475472
 0.009362668 9.219381
 0.009432171999999999 21.18648
 0.009453812 23.7675
 0.009477763 24.85209
 0.009499607 24.12599
 0.009522230999999999 21.73995
 0.009552798000000001 16.81512
 0.009586428000000001 10.86151
 0.009609184000000002 7.393779
 0.009633362 4.57387
 0.009654695000000001 2.780978
 0.00967083 1.879335
 0.009693731 0.6827643
 0.009700206000000001 0.3720019
 0.009716633 0.2344067
 0.009739534 0.1190343
 0.009762436 0.
 0.009800474 0.
 0.009849307 0.8132856
 0.009860399 1.115919
 0.009873432 1.508913
 0.009897556 2.568978
 0.009908938999999999 3.258127
 0.00992168 4.26499
 0.009959988999999999 7.931747
 0.01001818 14.58316
 0.01004532 17.21526
 0.0100701 18.95134
 0.01009703 19.8361
 0.010115 19.90694
 0.010136629999999999 19.18211
 0.010161749999999999 17.53087
 0.01018811 14.98847
 0.01023859 9.34415
 0.01027363 5.951379
 0.0102862 5.064463
 0.01029802 4.432629
 0.01032393 3.738084
 0.01034741 3.695157
 0.01038879 4.635782
 0.01040925 5.434141
 0.01044457 6.837155
 0.010477110000000001 7.572478
 0.01052201 8.044201
 0.010566349999999999 8.368349
 0.010611279999999999 9.542111
 0.010683870000000002 12.23431
 0.010712 12.69511
 0.01074788 12.70064
 0.01081049 11.14026
 0.01086723 9.581602
 0.01090639 9.102958
 0.01095514 9.483957
 0.01104969 10.82421
 0.01112123 10.8765
 0.01121279 10.78463
 0.01168523 11.52367
 0.01229923 12.08951
 0.012382869999999999 13.13002
 0.01244433 14.91515
 0.0125346 18.58238
 0.012581750000000001 19.5862
 0.01262673 19.37349
 0.01268824 17.34154
 0.01277144 14.16343
 0.01282911 12.94389
 0.01285092 12.76736
 0.01291189 13.50307
 0.01294854 14.76016
 0.0129833 16.58383
 0.01303053 20.02222
 0.01310373 25.88804
 0.01314039 27.61924
 0.01316989 27.97968
 0.01320719 26.86577
 0.01324854 24.13712
 0.01332151 18.14822
 0.013361040000000001 15.66981
 0.013384749999999999 14.51234
 0.01342033 13.40954
 0.01348626 12.22647
 0.014860139999999999 11.39027
 0.01899879 6.899353
 0.020884259999999998 5.266165
 0.02164792 4.776044
 0.02196374 4.651353
 0.02247444 4.206939
 0.02410462 3.383011
 0.02582 2.7078
 0.027387500000000002 2.238635
 0.02915715 1.831779
 0.031110440000000003 1.494326
 0.033349239999999995 1.209536
 0.035906389999999996 0.9772264
 0.038819 0.7935337
 0.04185834 0.663136
 0.045453230000000004 0.5611974
 0.049303160000000006 0.4922697
 0.05370318 0.4453767
 0.05991574 0.4136627
 0.065756 0.4042556
 0.06608096000000001 0.6154153
 0.06624634 0.7953194
 0.06634481 0.9552403
 0.0664034 1.073067
 0.06656525 1.494486
 0.06675816 2.123276
 0.06715001000000001 3.535356
 0.067234 3.805231
 0.06740994 4.190058
 0.06756464 4.339845
 0.06775375 4.235117
 0.06792473 3.927671
 0.0681711 3.249219
 0.0685475 2.068136
 0.0686693 1.721822
 0.0689576 1.054545
 0.068993 0.9860419
 0.0691209 0.8236038
 0.06928419 0.6692797
 0.06961078999999999 0.4626899
 0.06986484 0.4277501
 0.07019418 0.4043286
 0.07429356 0.4075528
 0.07465929 0.4508347
 0.07484215 0.4865115
 0.07502502 0.5405352
 0.07520787999999999 0.6144042
 0.07544110000000001 0.7337531
 0.07576364000000001 0.9322945
 0.07598552 1.042138
 0.07616155000000001 1.110553
 0.07637472 1.166685
 0.07712806 1.264973
 0.07765825999999999 1.26408
 0.07813848 1.199539
 0.07917318 1.1868
 0.08470756 1.357691
 0.08734849 1.510855
 0.09041809999999999 1.792979
 0.09281136 2.106328
 0.09578662 2.616699
 0.1001229 3.58262
 0.1139 7.164327
 0.12448250000000001 9.426308
 0.14300000000000002 12.59356
 0.15920969999999998 14.59546
 0.1794787 16.09419
 0.1894289 17.28706
 0.21256899999999998 18.02257
 0.2366543 18.23203
 0.2406896 18.89149
 0.24508629999999998 18.04973
 0.2533365 18.46398
 0.3207989 16.61068
 0.4564308 12.46241
 0.5566460999999999 10.15563
 0.6518010000000001 8.495406
 0.7673615 6.979444
 0.9027096 5.68325
 1.052557 4.641637
 1.211119 3.834312
 1.407074 3.109415
 1.517304 2.813022
 1.526052 2.917688
 1.5316889999999999 3.152685
 1.535895 3.484909
 1.540472 4.049818
 1.5455510000000001 4.94174
 1.562717 8.743802
 1.57096 9.963016
 1.595672 12.08964
 1.613 14.131
 1.625885 14.87342
 1.664927 14.66879
 1.735047 14.0106
 1.784648 15.01819
 2.1524460000000003 11.58706
 2.462006 9.484687
 2.85445 7.55033
 3.286387 6.043218
 3.7566840000000004 4.862259
 4.314463 3.866973
 4.926064 3.094957
 5.462176 2.594782
 6.235666 2.065454
 7.076267 1.655902
 7.900885999999999 1.363719
 8.851502 1.114544
 9.98218 0.8985671
 11.21894 0.7278411
 12.64836 0.5853264
 13.104420000000001 0.5532971
 13.1669 0.5769061
 13.20443 0.6182224
 13.23635 0.6847437
 13.26389 0.7751707
 13.29557 0.92815
 13.32673 1.13486
 13.36119 1.430168
 13.498140000000001 2.854226
 13.55335 3.260549
 13.60907 3.494529
 13.70186 3.614609
 16.077830000000002 2.825884
 18.39613 2.261995
 21.04384 1.804872
 23.77655 1.460531
 26.71339 1.19128
 30.27951 0.9513519
 33.92355 0.7744185
 37.682559999999995 0.6379074
 42.06816 0.5197807
 46.46679 0.4307781
 51.16433 0.3588024
 56.74999 0.2939155
 62.553239999999995 0.2435656
 69.54275 0.1979792
 78.04476000000001 0.1578895
 86.44474000000001 0.1288787
 96.81741000000001 0.1029013
 108.807 0.08158179
 119.3765 0.06779271
 131.4468 0.055909
 145.814 0.04544027
 159.3414 0.03806578
 175.7233 0.03131323
 195.9338 0.02527478
 215.833 0.02090321
 238.72099999999998 0.01718723
 262.5581 0.01431722
 288.1386 0.01202232
 317.1189 0.01006381
 348.93760000000003 0.008463264
 386.652 0.007062163
 432.8018 0.005829064
 485.02230000000003 0.004841863
 536.6455 0.004134912
 594.8056 0.003548182
 676.3263000000001 0.002964327
 776.5264 0.002481895
 913.9817 0.002052473
 1070.165 0.001734498
 1286.6219999999998 0.00142677
 1546.86 0.001173637
 1859.734 0.0009654148
 2235.8920000000003 0.0007941343
 2688.134 0.0006532419
 3231.848 0.000537346
 3885.536 0.000442012
 4671.441 0.0003635918
 5616.308 0.0002990847
 6752.287 0.0002460222
 8118.035000000001 0.0002023738
 9760.024 0.0001664694
 10000. 0.000334794
