 0.001 0.
 0.001423229 0.
 0.001429359 1.819391
 0.001430235 2.076652
 0.001433738 3.793174
 0.0014372410000000001 6.395813
 0.001440745 9.955029
 0.001447094 18.09441
 0.0014513030000000001 23.42483
 0.0014551949999999998 29.01161
 0.00146013 33.27024
 0.001469313 40.30359
 0.0014761750000000001 49.1315
 0.00148132 55.50253
 0.001483835 57.22361
 0.0014866319999999999 57.54303
 0.001490419 53.86964
 0.001494889 44.64004
 0.001504375 20.68262
 0.001507946 13.35198
 0.0015115170000000002 7.956824
 0.001515088 4.377114
 0.0015204440000000001 1.11268
 0.00152223 0.
 0.002196477 0.
 0.0022053190000000003 0.000002555202
 0.002207289 0.000003992833
 0.002212696 0.000008955577
 0.002216175 0.00001298402
 0.002218102 0.00001577795
 0.002221603 0.00002178443
 0.0022235080000000003 0.00002576774
 0.002227031 0.0000339069
 0.002232459 0.00004896147
 0.0022433160000000004 0.00008151543
 0.002248744 0.00009397226
 0.002254172 0.0001004772
 0.0022596 0.00009962561
 0.0022650279999999997 0.00009158488
 0.002272165 0.00007278388
 0.0022829779999999997 0.00004032643
 0.002286741 0.00003055587
 0.002288384 0.00002682662
 0.00229261 0.00001846136
 0.002293791 0.00001655336
 0.0022975969999999997 0.00001113946
 0.0023030249999999998 0.000005443832
 0.0023046029999999997 0.000004253435
 0.002309539 0.000002016716
 0.0023138810000000003 1.44787E-15
 0.002315182 1.59808E-15
 0.002320825 2.48741E-15
 0.002326468 3.57394E-15
 0.002332111 4.74026E-15
 0.002337754 5.80377E-15
 0.002343397 6.55953E-15
 0.00234904 6.84367E-15
 0.0023546829999999998 6.59112E-15
 0.002360326 5.85981E-15
 0.002365969 4.80908E-15
 0.002377255 2.54789E-15
 0.002382898 1.64483E-15
 0.002388541 9.80199E-16
 0.0023941839999999997 5.39215E-16
 0.0024 2.65411E-16
 0.0024054700000000003 0.
 0.002723016 0.
 0.002732659 0.02164018
 0.002736421 0.0516277
 0.002743123 0.1145692
 0.002746111 0.148166
 0.0027498260000000004 0.2039815
 0.002752837 0.2554554
 0.002759563 0.4082851
 0.00276713 0.6329068
 0.002779742 1.056143
 0.002787309 1.258629
 0.002793194 1.358076
 0.0028007609999999997 1.361305
 0.002807487 1.262344
 0.002814427 1.076786
 0.002830254 0.5510927
 0.0028335500000000002 0.4527825
 0.002840277 0.2871565
 0.002843659 0.2249411
 0.002847003 0.168402
 0.002853729 0.08758703
 0.002857064 0.06028041
 0.002867181 0.
 0.002928362 0.
 0.0029339929999999998 2.436517E-8
 0.0029427779999999996 1.017204E-7
 0.002948437 1.67094E-7
 0.002949985 1.89634E-7
 0.002955658 2.929309E-7
 0.002957193 3.268009E-7
 0.0029628799999999998 4.747325E-7
 0.002971609 7.668018E-7
 0.0029860240000000003 0.000001314549
 0.002993232 0.000001530226
 0.00300044 0.000001647063
 0.003007648 0.000001639282
 0.0030148560000000002 0.000001508682
 0.0030220629999999997 0.000001283957
 0.003036479 7.353669E-7
 0.003043687 4.948905E-7
 0.00304954 3.38538E-7
 0.003050895 3.079862E-7
 0.0030567619999999998 1.973055E-7
 0.003058102 1.772416E-7
 0.003063983 1.062705E-7
 0.0030725179999999998 2.820835E-8
 0.0030784270000000003 0.
 0.003215055 0.
 0.003219506 0.001441426
 0.003230882 0.01557326
 0.0032353549999999997 0.02201327
 0.003238796 0.02906202
 0.003243279 0.03948257
 0.003246709 0.05013606
 0.003251204 0.06543782
 0.003259128 0.1002157
 0.003278363 0.2026064
 0.003286277 0.2361421
 0.003290826 0.2499308
 0.003299321 0.2569804
 0.0033074420000000003 0.2427218
 0.003315563 0.211062
 0.003336942 0.09847072
 0.003341671 0.07708685
 0.003346296 0.05847608
 0.003354221 0.03458706
 0.003357498 0.02768615
 0.003362145 0.01889498
 0.003373325 0.00453964
 0.003377994 0.000005609561
 0.0033856240000000003 0.000005492349
 0.003393737 0.000004972282
 0.003404893 0.000003819636
 0.003418078 0.000002300257
 0.0034211339999999997 0.000001985058
 0.003426192 0.000001520088
 0.003429255 0.000001270339
 0.003434305 9.286245E-7
 0.0034373760000000002 7.508619E-7
 0.0034424190000000004 5.244584E-7
 0.003445497 4.09902E-7
 0.003455322 1.418575E-7
 0.003457732 0.0002430839
 0.003472331 0.006181421
 0.003474754 0.007316766
 0.0034808359999999997 0.01140226
 0.0034832649999999997 0.0132422
 0.003491775 0.02213677
 0.0035002859999999996 0.0341796
 0.00352336 0.07427747
 0.003534329 0.08771606
 0.0035428400000000002 0.09099503
 0.0035513510000000003 0.08717194
 0.003559862 0.07711618
 0.003585394 0.03309872
 0.003592154 0.02367082
 0.003593905 0.02167845
 0.003602415 0.01461759
 0.0036098370000000003 0.01098903
 0.003610926 0.01064173
 0.0036186789999999996 0.00984003
 0.003626062 0.01017252
 0.003627948 0.01056814
 0.0036363619999999998 0.01595519
 0.003661414 0.03574675
 0.003671728 0.04143712
 0.00368057 0.04363863
 0.003689412 0.04281691
 0.003698253 0.03933733
 0.003715937 0.02988692
 0.003724778 0.02641829
 0.00373362 0.02484514
 0.0037424610000000003 0.02511609
 0.003760145 0.02753478
 0.003778356 0.02850405
 0.003787633 0.02819893
 0.0038202 0.02578585
 0.0038941830000000003 0.02337644
 0.0039409 0.02087953
 0.0039659 0.01854907
 0.003991921 0.01667456
 0.00402384 0.01612925
 0.00407781 0.01707871
 0.004123781 0.01648811
 0.004290493 0.01299208
 0.004470108 0.009981686
 0.004650561 0.007615653
 0.004809556 0.005962149
 0.004982349 0.004530713
 0.005162157999999999 0.003366266
 0.005330774000000001 0.002517468
 0.005487049 0.001899387
 0.005638585000000001 0.001427529
 0.0057898970000000004 0.001060422
 0.005928855 0.0007991751
 0.006030688 0.00064756
 0.0061565380000000005 0.0005001746
 0.006259928 0.0004074398
 0.006373415 0.0003315914
 0.006484413 0.0002804772
 0.0065899999999999995 0.0002501688
 0.0067 0.0002353986
 0.00681 0.0002355572
 0.0069225 0.0002490981
 0.0070475 0.0002778228
 0.0072 0.0003293368
 0.00743684 0.0004372099
 0.007784962 0.0006416113
 0.008664769000000001 0.001265045
 0.009990117 0.002220201
 0.01152296 0.00315169
 0.01344916 0.004037278
 0.01535047 0.004681936
 0.01541659 0.5098967
 0.01542603 0.5813338
 0.015463820000000001 1.057976
 0.0155016 1.780668
 0.01553938 2.768974
 0.015607870000000001 5.029074
 0.01565273 6.45446
 0.015695240000000003 7.333732
 0.01573066 7.592613
 0.015768439999999998 7.278789
 0.01581066 6.307377
 0.01587333 4.26324
 0.01591722 2.836288
 0.01595736 1.786676
 0.015992779999999998 1.094149
 0.01603057 0.6040974
 0.01608724 0.1572122
 0.01610613 0.004891624
 0.01632078 0.004949768
 0.016360959999999997 0.1342895
 0.01640113 0.2608777
 0.016441300000000002 0.472416
 0.016481469999999998 0.7931505
 0.01652164 1.231764
 0.0165819 2.054909
 0.01664216 2.86739
 0.01668233 3.240131
 0.0167225 3.380275
 0.01676267 3.25573
 0.01680284 2.895066
 0.01692532 1.239991
 0.01696353 0.8163468
 0.0170037 0.4885824
 0.01704387 0.2711189
 0.01710403 0.07316721
 0.01712422 0.005232002
 0.017547 0.005254773
 0.01755579 0.05737771
 0.01764221 4.988141
 0.01768656 9.359801
 0.01772999 15.76166
 0.017778159999999998 25.6925
 0.01790369 56.89816
 0.01795111 64.49467
 0.01799516 66.734
 0.01803904 63.67537
 0.01809229 53.86688
 0.018209000000000003 25.00838
 0.0182495 16.7069
 0.01828445 11.26775
 0.01829173 10.44568
 0.01833427 7.284243
 0.01837796 5.807292
 0.01841924 5.28428
 0.01842473 5.624661
 0.01846447 8.524933
 0.01851765 14.16991
 0.01870308 43.84957
 0.01875155 49.93118
 0.01881256 55.21116
 0.018890160000000003 58.93921
 0.01894653 59.42719
 0.01900255 57.82053
 0.01905619 54.30319
 0.01913548 46.33635
 0.01921303 37.82429
 0.01926023 33.80519
 0.01932124 30.62087
 0.01935112 29.5106
 0.01943615 28.89943
 0.01955445 33.86944
 0.01964659 38.80717
 0.01970722 40.60034
 0.01975555 40.56089
 0.01988052 37.17255
 0.01997432 34.12649
 0.02010729 33.03944
 0.02040872 30.91521
 0.02117522 24.15917
 0.02205142 18.67488
 0.022799999999999997 15.30083
 0.023723659999999997 12.29073
 0.02458449 10.25811
 0.025752550000000003 8.250341
 0.027080689999999998 6.634588
 0.02844428 5.436986
 0.02997176 4.448078
 0.031622779999999996 3.653957
 0.03353 2.972897
 0.035063330000000004 2.552129
 0.03779115 2.007432
 0.040642870000000005 1.604337
 0.04377305 1.29673
 0.04704619 1.073323
 0.05087265 0.8975595
 0.05474155 0.7824467
 0.060000000000000005 0.6894081
 0.06553600000000001 0.6410023
 0.07413102 0.6182861
 0.09269919 0.6480579
 0.1122267 0.6972741
 0.1130607 0.7490238
 0.1136181 0.8334964
 0.1138867 0.8954376
 0.114758 1.134829
 0.11548749999999999 1.280884
 0.1165326 1.400103
 0.117507 1.422935
 0.1194764 1.46093
 0.1238129 1.696291
 0.12635000000000002 1.929224
 0.12836609999999998 2.200616
 0.130727 2.630719
 0.1341872 3.478133
 0.14650000000000002 7.060373
 0.161 10.53109
 0.1757924 13.49907
 0.1895355 15.4234
 0.2116972 17.12872
 0.2314513 18.11383
 0.23706049999999998 19.83594
 0.2427138 19.94878
 0.2471175 20.4656
 0.3066484 19.66129
 0.31436780000000003 20.09793
 0.39618349999999997 17.63915
 0.5302863999999999 13.57641
 0.6382635 11.13396
 0.7495982 9.235931
 0.8896975 7.476752
 1.038298 6.122216
 1.216186 4.951727
 1.400393 4.072529
 1.636158 3.263667
 1.761374 2.955712
 1.771064 3.133431
 1.775545 3.329979
 1.780808 3.733045
 1.784831 4.195311
 1.790553 5.101177
 1.8096830000000002 9.106021
 1.818571 10.32497
 1.829397 10.99172
 1.8478080000000001 11.70101
 1.8777970000000002 14.32683
 1.8933369999999998 14.7056
 2.022725 13.7369
 2.0667289999999996 14.79379
 2.1584820000000002 14.1035
 2.462317 11.5999
 2.83695 9.377016
 3.244318 7.618065
 3.74225 6.072124
 4.2838210000000005 4.868597
 4.880454 3.921704
 5.538829000000001 3.168464
 6.309572999999999 2.53526
 7.169107 2.032686
 7.924817000000001 1.705302
 8.871324999999999 1.397846
 10.03509 1.122449
 11.16492 0.9268048
 12.65359 0.7394771
 14.31062 0.5909189
 14.77414 0.5606719
 14.852300000000001 0.5770998
 14.89884 0.6145256
 14.93652 0.6767396
 14.96593 0.7547015
 15.00167 0.8946401
 15.03684 1.088037
 15.07571 1.367976
 15.141440000000001 1.960893
 15.22591 2.743431
 15.28942 3.183197
 15.35121 3.437679
 15.45272 3.580626
 18.2211 2.780683
 21.047420000000002 2.189329
 23.77655 1.782694
 26.81978 1.446385
 30.42057 1.159222
 34.11493 0.9436971
 37.83345 0.7823451
 41.75796 0.6522113
 46.70625 0.5299321
 51.5989 0.4392176
 57.71738 0.3551545
 63.61143 0.2945093
 69.74279 0.2467113
 78.09976 0.1978168
 86.09875 0.163468
 96.58825 0.1303375
 108.5758 0.1033957
 119.2543 0.08587925
 133.71849999999998 0.06846766
 146.66969999999998 0.05702685
 162.77949999999998 0.0463963
 181.08270000000002 0.03758922
 198.5841 0.03137296
 223.7966 0.02486035
 244.5893 0.02097563
 269.1535 0.01749173
 300.29040000000003 0.01427126
 331.6043 0.01191251
 365.9221 0.009997335
 404.314 0.008416069
 447.4878 0.007102844
 499.5829 0.005954994
 554.3065 0.005078405
 613.9386999999999 0.004375474
 692.329 0.003710193
 794.3282 0.003119963
 909.3896 0.002666229
 1070.165 0.00224185
 1286.6219999999998 0.001842821
 1546.86 0.001514816
 1859.734 0.001245192
 2235.8920000000003 0.001023559
 2688.134 0.0008413749
 3231.848 0.0006916178
 3885.536 0.0005685161
 4671.441 0.0004673254
 5616.308 0.0003841457
 6752.287 0.0003157712
 8118.035000000001 0.0002595668
 9760.024 0.0002133663
 10000. 0.0004298634
