 0.001 0.
 0.0030771830000000003 0.
 0.004580663 0.
 0.004598639000000001 0.7549431
 0.004603212 0.9447645
 0.004614487 1.72569
 0.004625762 2.90975
 0.004638446 4.775771
 0.004658 8.331686
 0.004671565000000001 10.65317
 0.0046831699999999995 11.99081
 0.00469492 12.39932
 0.004706271 11.81399
 0.004718274 10.27733
 0.004737295 6.862631
 0.004749784 4.639122
 0.0047617630000000005 2.919391
 0.004772333 1.78472
 0.004783608 0.9817889
 0.004799815000000001 0.2807303
 0.004806156999999999 0.
 0.004891697 0.
 0.004912768 0.3812864
 0.004915778 0.4352001
 0.004927818 0.7949285
 0.004939858 1.340359
 0.004953404 2.19993
 0.004974498 3.855167
 0.004988772 4.907317
 0.005001165 5.523495
 0.005012879 5.726316
 0.005026089 5.429081
 0.005038344 4.756747
 0.005057298 3.296792
 0.0050723009999999995 2.136984
 0.0050843419999999995 1.379562
 0.005096382 0.8221204
 0.0051084220000000005 0.4522552
 0.00512573 0.1293167
 0.005132503 0.
 0.005551409 0.
 0.005572959000000001 8.754239E-7
 0.005578737 0.000001328714
 0.005592401 0.000002763483
 0.0056003929999999995 0.000003874679
 0.0056060649999999995 0.000004807001
 0.00561411 0.000006428474
 0.00561973 0.000007743883
 0.005627827 0.000009887737
 0.005660722 0.00002048695
 0.005674386 0.00002434966
 0.00568805 0.00002684091
 0.005701714 0.00002744722
 0.005715378 0.00002604296
 0.005729041999999999 0.00002293251
 0.005770035 0.00001001432
 0.005778716 0.000007721844
 0.005783699 0.000006546617
 0.0057924330000000005 0.0000047909
 0.005797363 0.000003972315
 0.00580615 0.000002753434
 0.005819866999999999 0.000001288454
 0.005824691 8.94871E-7
 0.005833584 5.493676E-7
 0.005847301 0.
 0.005862434 0.
 0.005883983 7.49316E-15
 0.005912949 9.877658E-7
 0.005927431 0.000001804235
 0.0059419139999999995 0.000003042188
 0.005956397 0.000004735141
 0.005999845 0.00001104833
 0.006014327 0.00001248703
 0.00602881 0.00001302793
 0.006043293 0.00001254716
 0.006057775 0.00001115501
 0.006101222999999999 0.000004850273
 0.006111396000000001 0.000003643662
 0.006111884000000001 0.002916304
 0.0061419709999999995 1.779183
 0.006157015 3.248354
 0.006172058 5.474877
 0.006188982 8.981873
 0.006215074 15.6602
 0.006233202 20.01816
 0.0062491510000000005 22.55318
 0.006265177 23.30842
 0.006280272 22.20669
 0.006297201 19.18682
 0.006338478 9.552637
 0.0063535219999999995 6.85574
 0.006368566 4.946624
 0.006383847 3.697796
 0.006402925 2.659254
 0.006413014999999999 1.999809
 0.006423494 1.914724
 0.006432276000000001 2.02046
 0.006455845 2.163048
 0.00647083 2.500025
 0.006486639 3.250038
 0.00650266 4.467126
 0.006549876 9.329861
 0.006567415 10.51937
 0.0065832239999999995 10.86255
 0.00659826 10.43403
 0.0066162320000000005 9.059954
 0.006662022 4.406288
 0.0066758550000000005 3.301182
 0.006691664 2.395829
 0.006707473 1.796096
 0.006725195 1.34118
 0.006738579999999999 0.9341095
 0.006754895 0.8206405
 0.0067717160000000005 0.6617053
 0.00680554 1.125291
 0.006821687 1.625369
 0.006839396 2.589288
 0.006856686 3.972665
 0.006906465 8.938842
 0.006924969 10.15755
 0.006940006 10.57029
 0.006958631000000001 10.13073
 0.006974627 9.105282
 0.007012664 5.455273
 0.007023231 4.398166
 0.007038366 3.102958
 0.007056075 1.952544
 0.007071701 1.218677
 0.007079282 0.9840014
 0.007082708 0.9202346
 0.0071050359999999995 0.7245423
 0.0071141320000000004 0.8777109
 0.0071189949999999995 1.014836
 0.007133546 1.521902
 0.007150213000000001 2.415446
 0.007167474 3.698339
 0.007223494 8.984427
 0.007242429 10.11893
 0.0072583 10.52735
 0.007276321 10.21132
 0.007297073 9.021603
 0.007341946 5.67929
 0.007361325 4.717466
 0.0073801909999999995 4.227448
 0.007399091 4.085907
 0.0074324610000000004 4.145568
 0.007518539 5.643224
 0.007554821 6.3218
 0.007582176 6.518425
 0.007646632999999999 5.867912
 0.007675965999999999 5.587138
 0.007719828999999999 5.58012
 0.007752956 5.724507
 0.007871755 5.812029
 0.008196561 5.895183
 0.009510042 5.652695
 0.009556858 7.393209
 0.009580266 8.836788
 0.009606598999999999 11.40388
 0.009630007 14.48864
 0.009697304 25.22919
 0.009724917999999999 27.94915
 0.009746269 28.65215
 0.009772543 27.3367
 0.009797582999999999 24.35004
 0.009824206 20.41068
 0.009867608 16.79831
 0.009886822 16.65032
 0.009896172 17.07432
 0.009917538 19.33918
 0.009945262 25.23347
 0.009991683 38.7918
 0.01001521 46.18503
 0.01004271 51.62462
 0.01006671 52.98071
 0.01008919 51.02401
 0.01011549 45.05495
 0.01018367 23.20272
 0.010207840000000001 16.88291
 0.01023201 12.22869
 0.01025619 9.136991
 0.01030453 5.348295
 0.014543509999999999 3.187069
 0.015393999999999998 2.822419
 0.01554556 2.917175
 0.01573501 3.295308
 0.01581079 3.256379
 0.01600024 2.726726
 0.0161518 2.526019
 0.01652379 2.411515
 0.01681102 2.424686
 0.017089009999999998 2.255067
 0.01903849 1.691471
 0.02047 1.379473
 0.02220296 1.093934
 0.02406391 0.8708967
 0.02581655 0.7167683
 0.02795656 0.5809577
 0.03007871 0.48537
 0.03251044 0.4082298
 0.0347439 0.3584516
 0.037700000000000004 0.3137402
 0.04167668 0.2776068
 0.04188185 0.9000766
 0.041984429999999996 1.415042
 0.042094040000000006 2.269343
 0.0421433 2.781905
 0.04219966 3.495534
 0.04239914 6.519357
 0.042542220000000006 8.755923
 0.04261555 9.738363
 0.04272179 10.73269
 0.04283302 11.16785
 0.042928730000000005 11.06735
 0.04304972 10.35881
 0.04321541 8.734414
 0.043523150000000004 4.929056
 0.04372832 2.614937
 0.043812790000000004 2.003087
 0.04390671 1.443513
 0.04401044 0.9907932
 0.044126280000000004 0.6483485
 0.044217900000000004 0.4021419
 0.04433527 0.3334618
 0.044544259999999995 0.2623056
 0.047249610000000004 0.2530336
 0.04748221 0.3221839
 0.047598510000000004 0.3795421
 0.04771481 0.466695
 0.04784539 0.6038619
 0.048052569999999996 0.8770265
 0.0481929 1.077945
 0.04830847 1.207293
 0.04842424 1.296402
 0.04854178 1.336969
 0.04923612 1.322347
 0.0493725 1.298618
 0.04982296 1.119444
 0.050203700000000004 1.085496
 0.05124701 1.111329
 0.0547 1.186496
 0.05704926 1.302423
 0.0592 1.476477
 0.061439999999999995 1.73515
 0.06371585 2.079562
 0.06628529 2.56269
 0.07099828000000001 3.641859
 0.08222426 6.383658
 0.09332543 8.596731
 0.1109348 11.40637
 0.12491069999999999 13.03932
 0.1389282 14.17506
 0.14168920000000002 14.67876
 0.1478246 15.23801
 0.1800694 15.91107
 0.189769 15.96621
 0.1916825 16.52358
 0.1939943 17.72623
 0.1955218 17.21781
 0.1977277 16.19652
 0.20653809999999997 16.39905
 0.26214400000000004 15.05585
 0.3934838 11.14577
 0.5034730000000001 8.705079
 0.6010644 7.140653
 0.7187245 5.76279
 0.8486918 4.671949
 0.9835048999999999 3.851197
 1.155614 3.09326
 1.295198 2.647735
 1.3037159999999999 2.726502
 1.3087170000000001 2.921718
 1.312953 3.268811
 1.3169270000000002 3.805005
 1.321165 4.62877
 1.3290739999999999 6.65252
 1.336167 8.456922
 1.343772 9.845475
 1.3658 12.65724
 1.379 14.35525
 1.393 15.02673
 1.465735 14.36424
 1.491439 14.26915
 1.521754 15.30848
 1.810835 12.06695
 2.113489 9.629707
 2.434481 7.755749
 2.802205 6.224995
 3.209631 5.000381
 3.651741 4.047497
 4.138806 3.284532
 4.729651 2.620088
 5.344296999999999 2.124718
 6.022809 1.726273
 6.748413 1.414052
 7.559769 1.156977
 8.508503000000001 0.9369653
 9.669483 0.744466
 10.89786 0.5994487
 11.54021 0.5455152
 11.59441 0.5765586
 11.63226 0.6373359
 11.65817 0.713642
 11.683010000000001 0.8239096
 11.7119 1.008713
 11.73954 1.244979
 11.7788 1.673253
 11.866959999999999 2.754396
 11.917580000000001 3.219816
 11.97496 3.515839
 12.05663 3.638525
 14.34356 2.791984
 16.2181 2.277695
 18.21 1.876457
 20.658949999999997 1.509102
 23.34025 1.220526
 25.997719999999997 1.006023
 28.942220000000002 0.8295922
 32.484939999999995 0.6703797
 36.43115 0.5422754
 40.213029999999996 0.4500001
 44.81804 0.3664054
 49.54502 0.3020687
 54.38789 0.2522412
 59.436969999999995 0.2120461
 65.47354 0.1753074
 72.42954 0.1436503
 79.92339 0.118
 89.77573 0.09358222
 98.69286 0.07736103
 109.3489 0.06293372
 120.14 0.052072
 131.2459 0.04358069
 143.3044 0.03650113
 157.4853 0.03018064
 173.119 0.02494536
 191.09380000000002 0.02050256
 209.7491 0.01705565
 230.90720000000002 0.01411184
 254.86409999999998 0.01165665
 281.8383 0.009622964
 313.1949 0.007899271
 344.9238 0.006621755
 381.6755 0.005529661
 424.47439999999995 0.004603581
 469.0833 0.003902879
 520.6945 0.003306728
 586.3068999999999 0.002763656
 668.5071 0.002295337
 768.7431 0.001914374
 901.5711 0.001587146
 1070.165 0.001320644
 1292.737 0.001081893
 1546.86 0.0008948549
 1859.734 0.0007366075
 2235.8920000000003 0.0006063447
 2688.134 0.0004991178
 3231.848 0.0004108531
 3885.536 0.0003381972
 4671.441 0.0002783899
 5616.308 0.000229159
 6752.287 0.0001886342
 8118.035000000001 0.0001552759
 9760.024 0.0001278167
 10000. 0.0002566069
