 0.001 -45.9977
 0.0030317160000000003 -45.8622
 0.004188882 -44.55196
 0.004400361 -42.40461
 0.004461383 -39.82624
 0.004514148 -34.52229
 0.004531836 -34.29203
 0.004550173 -36.83537
 0.004567594 -42.30296
 0.004579111 -46.34087
 0.004601089 -38.98696
 0.004618769 -36.26342
 0.004631297 -35.93403
 0.004664278 -38.89605
 0.004709417 -42.94432
 0.004828755 -46.573
 0.004896987 -43.7531
 0.00495019 -40.89547
 0.004977344 -42.22818
 0.005005456 -46.35101
 0.0050397079999999995 -40.61953
 0.0050653189999999996 -38.9523
 0.0051194249999999995 -40.13404
 0.005211070000000001 -43.2484
 0.005507293 -45.31461
 0.00609409 -46.67372
 0.006206169 -45.70488
 0.006250044 -46.82314
 0.006310375 -44.57585
 0.006588951 -47.08563
 0.006700518 -46.56866
 0.006730926 -47.31948
 0.006896345 -45.23777
 0.007116618 -47.04109
 0.007329408 -46.95533
 0.007473332 -46.61168
 0.017108270000000002 -48.08832
 0.02691535 -46.92667
 0.034086849999999995 -42.93052
 0.04363229 -34.1389
 0.047318290000000006 -29.61482
 0.047926880000000005 -27.82739
 0.04858148 -24.15278
 0.04875959 -24.36394
 0.04894324 -26.19004
 0.049181010000000004 -30.17382
 0.04944168 -25.4134
 0.04958645 -23.96651
 0.049762719999999996 -23.54173
 0.05035333 -26.27884
 0.05080467 -27.67116
 0.05185182 -29.26913
 0.05282849 -27.03062
 0.0532546 -27.27382
 0.05363964 -29.14201
 0.05415125 -25.43538
 0.054526569999999996 -24.71099
 0.05551664 -25.818
 0.05744408 -26.2888
 0.06053228 -24.7316
 0.06670796 -24.16025
 0.07999794 -25.74605
 0.09603909 -28.39687
 0.125 -30.98273
 0.1836405 -32.70625
 0.26652380000000003 -34.56305
 0.3170103 -37.64439
 0.34097720000000004 -41.05234
 0.3598 -45.68271
 0.3768747 -51.49406
 0.38699999999999996 -51.07889
 0.4284487 -37.98343
 0.4495731 -33.57517
 0.47565440000000003 -30.20631
 0.5083867 -27.77459
 0.528 -28.0157
 0.546405 -25.54098
 0.55775 -24.67558
 0.58 -21.97154
 0.6163793 -19.17983
 0.6450256 -17.91601
 0.6575325 -17.54568
 0.6794595000000001 -15.84119
 0.73 -13.47612
 0.8095144000000001 -10.96241
 0.8893291000000001 -9.28154
 0.972 -8.083097
 1.086926 -7.006683
 1.2065979999999998 -6.33473
 1.384989 -5.833228
 1.589462 -5.675269
 1.829558 -5.806194
 2.0971520000000003 -6.220291
 2.4114079999999998 -7.040403
 2.662438 -8.083248
 2.843779 -9.275178
 2.966111 -10.56492
 3.045743 -11.93703
 3.094396 -13.38037
 3.127525 -15.21546
 3.160297 -17.30683
 3.178803 -17.43329
 3.211115 -15.75367
 3.2406520000000003 -14.35582
 3.271703 -13.82998
 3.328619 -14.05818
 3.360374 -13.04824
 3.404915 -11.22615
 3.45693 -10.03788
 3.514582 -9.4036
 3.572366 -9.288396
 3.6052720000000003 -8.721537
 3.667188 -7.289732
 3.748164 -6.137148
 3.8645490000000002 -4.995961
 3.9810720000000006 -4.147764
 4.122515 -3.352708
 4.2784759999999995 -2.6794
 4.450794 -2.104265
 4.6304170000000004 -1.645719
 4.811491999999999 -1.28079
 5.021087 -0.9568513
 5.158221999999999 -0.7801221
 5.329896 -0.5972614
 5.436414 -0.499431
 5.551048000000001 -0.4082563
 5.704568 -0.3022888
 5.837809999999999 -0.2271919
 5.984492 -0.1553021
 6.125013 -0.09765785
 6.256234 -0.05454903
 6.386892 -0.01479417
 6.453168 0.001032796
 6.512749 0.0154937
 6.536007 0.02085742
 6.687648 0.05036825
 6.823218 0.0705885
 7.001233 0.09101082
 7.282861 0.1062943
 7.473808 0.1114241
 7.696547 0.1111803
 7.9623539999999995 0.1058627
 8.197483 0.09511002
 8.475775 0.0775629
 8.756765999999999 0.05497266
 9.057469000000001 0.02763215
 9.310376999999999 0.001818851
 9.331199999999999 -0.0002777144
 9.418928 -0.009507789
 9.644377 -0.03446158
 9.828788999999999 -0.05427429
 10.91548 -0.1822739
 16.84432 -0.9096342
 18.90096 -1.199935
 20.466160000000002 -1.48306
 21.627190000000002 -1.7752
 22.473969999999998 -2.086758
 23.045070000000003 -2.402058
 23.43094 -2.723254
 23.71786 -3.104975
 23.91939 -3.566505
 24.21778 -4.484456
 24.32338 -4.576885
 24.45869 -4.350958
 24.78962 -3.229781
 24.9641 -2.826846
 25.18456 -2.48096
 25.55253 -2.090685
 26.03736 -1.730981
 26.689230000000002 -1.386115
 27.39758 -1.116697
 28.1723 -0.8989655
 29.03819 -0.7114104
 30.01537 -0.5446472
 30.902949999999997 -0.4223044
 31.64971 -0.3376566
 32.660219999999995 -0.2446395
 33.11311 -0.2086544
 34. -0.1465964
 34.862570000000005 -0.09603242
 35.5238 -0.06373166
 36.53926 -0.02010052
 37.383140000000004 0.01005868
 37.58374 0.01734428
 38.570029999999996 0.04626619
 39.45425 0.06703337
 40.595369999999996 0.08980203
 41.60181 0.1053962
 42.69516 0.1193979
 43.88132 0.1315931
 46.97067 0.1511487
 49.339479999999995 0.1574981
 53.08844 0.1561055
 58.55297 0.1440983
 68.72968999999999 0.1050827
 82.54831 0.04952421
 89.16247 0.02542613
 94.85589 0.006685867
 96.00698 0.002986519
 96.80194999999999 0.0005219957
 97.73003 -0.002330468
 101.6666 -0.01406298
 107.43990000000001 -0.03012429
 116.6221 -0.05257324
 129.3369 -0.07874176
 142.9948 -0.1017704
 164.45100000000002 -0.1298417
 196.4862 -0.1596244
 240.36370000000002 -0.1860004
 305.4921 -0.2088924
 422.4368 -0.2289835
 668.5071 -0.2439304
 1477.239 -0.2521749
 4461.192 -0.2541801
 10000. -0.2542778
