 0.001 -44.89972
 0.0025443700000000002 -43.5392
 0.002932281 -41.27296
 0.003076445 -38.32125
 0.003139176 -35.03112
 0.0031680859999999996 -31.74866
 0.003205443 -23.14322
 0.003217032 -21.37173
 0.0032242399999999997 -21.5725
 0.003232754 -23.02891
 0.003242798 -26.97336
 0.003253924 -32.85633
 0.0032630380000000002 -36.54759
 0.0032769400000000003 -37.85446
 0.003288221 -35.32806
 0.003300398 -30.2252
 0.003308123 -27.86358
 0.003317028 -27.92739
 0.003322636 -29.95803
 0.003330449 -35.04233
 0.003337202 -41.70113
 0.003339763 -44.92823
 0.0033445899999999997 -39.64546
 0.003355855 -25.13695
 0.0033628869999999997 -17.94226
 0.003367625 -14.41959
 0.003370484 -12.6565
 0.00337356 -11.27658
 0.003375538 -10.63931
 0.003379525 -9.944545
 0.003383292 -9.750127
 0.003385552 -10.0128
 0.003391579 -11.17105
 0.003400746 -14.40399
 0.003412424 -19.26799
 0.003425232 -23.77686
 0.0034313530000000003 -26.20681
 0.00344547 -29.32614
 0.0034701099999999998 -32.53172
 0.003517773 -35.86677
 0.003614018 -38.94286
 0.0038401730000000005 -41.56419
 0.004728797 -44.17629
 0.005015645 -45.09597
 0.00508727 -44.93325
 0.005103888 -45.24398
 0.005167140000000001 -42.55049
 0.005413712 -44.45592
 0.005743522 -45.26975
 0.005890884 -45.39194
 0.006222669 -44.33998
 0.006376337 -41.99966
 0.006443356 -38.31328
 0.006482544 -35.80035
 0.006506445 -35.72352
 0.006532642 -38.033
 0.006568462 -45.57807
 0.006572271 -45.16654
 0.006605127000000001 -38.18122
 0.006629936 -35.73756
 0.006650723 -35.54996
 0.0067245709999999995 -40.78649
 0.0067951899999999996 -45.73624
 0.006860237999999999 -43.22102
 0.006896618 -44.85264
 0.006910027 -45.54486
 0.006973447999999999 -38.0989
 0.0070113549999999995 -36.44885
 0.007086249 -37.7935
 0.007197145 -40.71835
 0.007532389 -42.97716
 0.008163245999999999 -45.48194
 0.008293937999999999 -46.21705
 0.008423405 -42.73412
 0.008715464 -45.68039
 0.008884617 -43.95923
 0.009105639 -44.02779
 0.009308309 -45.13406
 0.009581039999999999 -44.60436
 0.01985791 -47.25705
 0.02691535 -46.18166
 0.03488577 -40.49267
 0.040499020000000004 -32.26933
 0.04201158 -28.76303
 0.042853550000000004 -25.45196
 0.04332104 -22.26818
 0.04363514 -18.5451
 0.04379565 -15.73738
 0.043889279999999996 -13.4742
 0.043956869999999995 -11.16233
 0.04411795 -7.240345
 0.04414498 -6.402569
 0.04423956 -4.077233
 0.044253070000000005 -3.692293
 0.044276710000000004 -3.198082
 0.044361160000000004 -1.709689
 0.044384810000000004 -1.460288
 0.04442027 -1.289471
 0.04445574 -1.205548
 0.04446925 -1.19027
 0.04449459 -1.368501
 0.044516749999999994 -1.657205
 0.04453615 -1.997831
 0.04455312 -2.360349
 0.044582819999999995 -3.138795
 0.044605099999999995 -3.846564
 0.0446218 -4.451798
 0.04465939 -6.089039
 0.044734409999999995 -10.4052
 0.04477574 -13.37674
 0.04487742 -22.03623
 0.04492256 -26.67713
 0.04497851 -31.95443
 0.04500714 -28.68755
 0.04513722 -16.31743
 0.04522743 -9.393087
 0.04526487 -7.168449
 0.045297779999999996 -5.589855
 0.04532764 -4.391958
 0.045353769999999995 -3.506324
 0.045376629999999994 -2.84834
 0.04539663 -2.359766
 0.04541414 -1.998201
 0.04544477 -1.515194
 0.04546774 -1.283092
 0.04548497 -1.188081
 0.04551082 -1.192694
 0.04552374 -1.280094
 0.04559071 -2.281677
 0.045617729999999995 -2.754323
 0.04563124 -3.059269
 0.04565826 -3.922926
 0.04574102 -6.101922
 0.04575284 -6.536681
 0.04589809 -10.98406
 0.04606361 -15.3021
 0.04611882 -17.18245
 0.04625728 -20.00728
 0.04655212 -23.91404
 0.04720712 -31.01664
 0.047456139999999994 -27.11868
 0.04764131 -23.62208
 0.047879639999999994 -20.14851
 0.04799476 -19.36206
 0.04810466 -19.90166
 0.04822619 -21.83425
 0.04830217 -23.98187
 0.04841775 -28.53509
 0.0484611 -30.64065
 0.04864744 -20.71955
 0.04870002 -17.75327
 0.04879962 -12.74728
 0.04887749 -9.843704
 0.04893 -8.104907
 0.048980909999999996 -6.836636
 0.049038069999999996 -5.823483
 0.04906535 -5.470085
 0.04912674 -4.985094
 0.04919219 -4.977341
 0.049237180000000005 -5.239312
 0.04932484 -6.107677
 0.04947093 -8.572525
 0.04965355 -11.69218
 0.04982156 -14.22461
 0.04993013 -15.81268
 0.050165720000000004 -17.85253
 0.05069878 -20.60025
 0.05179628 -24.84315
 0.052096250000000004 -24.85661
 0.05279863 -21.92086
 0.0532099 -22.02374
 0.05416489 -23.33762
 0.05636882 -24.52066
 0.05931564 -24.0748
 0.07074333999999999 -25.16429
 0.08548882 -27.59525
 0.116 -30.50394
 0.1742798 -32.3695
 0.2511886 -34.54209
 0.29458039999999996 -37.66738
 0.3215 -42.23208
 0.3355703 -46.83652
 0.34679550000000003 -50.32347
 0.3561032 -49.76814
 0.39548710000000004 -37.74663
 0.42211730000000003 -32.81695
 0.45499819999999996 -28.9695
 0.4829212 -27.30574
 0.49655610000000006 -27.57066
 0.511961 -25.51793
 0.5285 -23.94772
 0.5559042999999999 -20.97297
 0.5923948 -18.50014
 0.618272 -17.65845
 0.6413479 -15.79309
 0.6911242 -13.41506
 0.745447 -11.56238
 0.8179609 -9.805677
 0.8963962 -8.492512
 0.97319 -7.593339
 1.0964779999999998 -6.68841
 1.2431720000000002 -6.105163
 1.4260819999999998 -5.825309
 1.6575360000000001 -5.852847
 1.913705 -6.193212
 2.2051839999999996 -6.895559
 2.470359 -7.925089
 2.6545 -9.067011
 2.7758040000000004 -10.24288
 2.872982 -11.79378
 2.9228129999999997 -13.17423
 2.956827 -14.91753
 2.991749 -17.39814
 3.01105 -17.68474
 3.035261 -16.48106
 3.067641 -14.71854
 3.096559 -14.16235
 3.15033 -14.27532
 3.173216 -13.49497
 3.2232290000000003 -11.28727
 3.272319 -10.11382
 3.328252 -9.464197
 3.39013 -9.283613
 3.4348859999999997 -8.237541
 3.482368 -7.185656
 3.562914 -6.04495
 3.6763220000000003 -4.908627
 3.801894 -3.988292
 3.9471990000000003 -3.183372
 4.112089 -2.491906
 4.237184 -2.074798
 4.394278 -1.65753
 4.574995 -1.274684
 4.76311 -0.9660448
 4.89927 -0.7790126
 5.040806 -0.6187522
 5.2381709999999995 -0.437342
 5.308844 -0.3798064
 5.432503 -0.292286
 5.571612 -0.2110878
 5.641877 -0.1746529
 5.776031 -0.1144768
 5.843293999999999 -0.08764837
 5.996426 -0.03369625
 6.029391 -0.0229074
 6.082311 -0.0070017
 6.103128 -0.001638151
 6.209499999999999 0.02517633
 6.241046 0.03248399
 6.420637 0.06364842
 6.550743000000001 0.08151232
 6.662442 0.0936744
 6.926255 0.1095229
 7.182076 0.1167784
 7.4773890000000005 0.1135084
 7.946396 0.09090396
 8.222426 0.06975315
 8.521625 0.04137284
 8.709636 0.02063701
 8.839344 0.006729852
 9.002746 -0.01044088
 9.087355 -0.01966641
 9.362811 -0.05121368
 9.618457000000001 -0.08177628
 15.66221 -0.8535562
 17.485409999999998 -1.111968
 19.192210000000003 -1.412713
 20.40099 -1.707446
 21.20582 -1.987679
 21.75179 -2.25879
 22.19107 -2.577814
 22.52239 -2.956188
 22.72179 -3.337177
 22.930590000000002 -3.993054
 23.09257 -4.49767
 23.203149999999997 -4.585773
 23.32265 -4.361981
 23.65061 -3.1971
 23.82 -2.798248
 24.03627 -2.45292
 24.39394 -2.064649
 24.83917 -1.721379
 25.49316 -1.361803
 26.13132 -1.109502
 26.81671 -0.9046113
 27.46313 -0.7500946
 28.25281 -0.5967702
 29.104979999999998 -0.4630649
 29.91432 -0.3574003
 30.32431 -0.3116732
 31.00667 -0.2455521
 31.793719999999997 -0.1807007
 32.65917 -0.1204885
 33.46041 -0.07379914
 34.27678 -0.03246942
 35.02475 -0.0003793978
 35.22695 0.008369694
 36.079930000000004 0.03791143
 36.84321 0.0597527
 37.82931 0.08415706
 38.688159999999996 0.101123
 39.62993 0.1169874
 40.68587 0.1317527
 42.679210000000005 0.1518765
 44.85431 0.1650707
 48.50815 0.1719046
 52.79349 0.1668052
 59.34381 0.145831
 79.28517000000001 0.06180867
 86.33033 0.03524286
 92.65284 0.0138048
 95.18106 0.005799227
 97.04785000000001 0.00002163788
 97.50240000000001 -0.001364894
 99.00319 -0.005893277
 104.2075 -0.02051482
 111.3415 -0.03860623
 120.3782 -0.05857783
 131.51930000000002 -0.07965488
 145.7057 -0.1017172
 165.48170000000002 -0.1257169
 198.02439999999999 -0.1539523
 241.7895 -0.1783378
 305.88539999999995 -0.1992803
 417.01939999999996 -0.2174013
 651.2533999999999 -0.2313898
 1410.753 -0.2393961
 4260.405000000001 -0.241418
 10000. -0.2415326
