 0.001 0.
 0.002788329 0.
 0.002800339 3.507928
 0.002802055 4.003947
 0.002808918 7.313536
 0.002815781 12.33163
 0.0028235020000000003 20.2399
 0.002835406 35.30999
 0.002844092 45.5123
 0.002850526 50.75339
 0.00285759 52.63073
 0.002864453 50.36869
 0.0028741179999999997 43.43556
 0.002884631 36.25385
 0.002891628 34.48217
 0.002898693 37.77046
 0.002905978 47.14574
 0.0029145950000000003 64.5234
 0.002927172 91.72176
 0.002934685 103.3904
 0.0029412400000000003 107.0723
 0.002948573 102.2758
 0.0029562589999999997 88.90748
 0.00296738 61.61972
 0.0029761830000000003 39.94197
 0.002983248 25.78514
 0.002990313 15.3661
 0.002997377 8.453018
 0.003007974 2.148791
 0.003011507 0.
 0.003152368 0.
 0.003160128 3.88759E-14
 0.003167887 7.69247E-14
 0.0031756460000000003 1.40509E-13
 0.003183405 2.36918E-13
 0.003191164 3.68761E-13
 0.003198923 5.29841E-13
 0.003206683 7.02749E-13
 0.003214442 8.60416E-13
 0.003222201 9.72458E-13
 0.00322996 1.01458E-12
 0.0032342630000000002 9.93843E-13
 0.0032501839999999997 0.555188
 0.003258145 1.014096
 0.003266106 1.709906
 0.003274066 2.661454
 0.003298944 6.310745
 0.003305909 7.018514
 0.00331387 7.323047
 0.00332302 7.113809
 0.003332196 6.315493
 0.0033464700000000003 4.765049
 0.003354627 4.133114
 0.003362784 3.8449
 0.0033729790000000003 3.916989
 0.003387253 4.24394
 0.003394603 4.165018
 0.003404087 4.036545
 0.003412445 3.590908
 0.003429161 2.326031
 0.003437519 1.762997
 0.00344435 1.404602
 0.003452506 1.130275
 0.003460663 0.9852375
 0.003470952 0.8971814
 0.003476976 0.7974564
 0.00347931 0.8068258
 0.003487668 0.7770519
 0.0034960259999999997 0.6908348
 0.0035043839999999997 0.5669599
 0.003521101 0.3003797
 0.003529459 0.1939147
 0.003537817 0.1155593
 0.003546175 0.06357011
 0.003554533 0.0322816
 0.003562892 0.
 0.003972736 0.
 0.003982515 6.76337E-15
 0.003992293 1.33828E-14
 0.004002071 2.44449E-14
 0.00401185 4.12174E-14
 0.004021627999999999 6.41545E-14
 0.0040314059999999995 9.21781E-14
 0.004041185 1.22259E-13
 0.004050963 1.49689E-13
 0.004060742 1.69182E-13
 0.00407052 1.7651E-13
 0.004080298 1.69996E-13
 0.004090076999999999 1.51135E-13
 0.0040998549999999995 1.24034E-13
 0.004119412 6.57144E-14
 0.0041291900000000005 4.24229E-14
 0.004138969 2.5281E-14
 0.004148747 1.39073E-14
 0.004158525 7.06228E-15
 0.004168303999999999 0.
 0.004336776 0.
 0.00434745 1.496508E-8
 0.004358125 2.961178E-8
 0.0043687990000000005 5.408833E-8
 0.004379473 9.120035E-8
 0.004390148 1.419526E-7
 0.0044008219999999995 2.039596E-7
 0.004411497 2.705195E-7
 0.004422171 3.312128E-7
 0.004432846 3.743428E-7
 0.004443519999999999 3.905583E-7
 0.004454194 3.761457E-7
 0.004464869 3.344108E-7
 0.004475543 2.74447E-7
 0.004486218 2.079173E-7
 0.004498241 1.389028E-7
 0.0045075670000000005 1.014278E-7
 0.004518241 7.20014E-8
 0.004520385 6.866107E-8
 0.0045289150000000005 5.98496E-8
 0.004531457 5.962765E-8
 0.004542529 6.605523E-8
 0.004550264 7.598474E-8
 0.004553601 8.517746E-8
 0.004572377 1.501546E-7
 0.004594122 0.1044924
 0.004595156 0.1237186
 0.0046064389999999995 0.3611322
 0.004617394 0.6382365
 0.004629012 1.089165
 0.004640937 1.73518
 0.004670387 3.789587
 0.004676083 4.185599
 0.004688451999999999 4.803273
 0.004697535 5.060297
 0.004709299 4.998232
 0.004720531 4.585693
 0.00473614 3.593492
 0.004755896000000001 2.157348
 0.004764396000000001 1.599417
 0.004775677999999999 1.011313
 0.004786355 0.6065282
 0.004797663000000001 0.3026737
 0.004812342000000001 0.1079434
 0.004820278 0.
 0.004936416 0.
 0.004947913 3.12108E-15
 0.004950606999999999 5.150284E-9
 0.004958161 7.588161E-8
 0.004982569 0.07001653
 0.004994773 0.1278909
 0.005006977 0.2156415
 0.0050209849999999995 0.3572817
 0.005053005 0.7466373
 0.00505792 0.8008914
 0.0050697 0.8904683
 0.005081878999999999 0.9187893
 0.0050943709999999994 0.8735138
 0.005110024 0.7463355
 0.005134541 0.4967859
 0.005142973 0.431831
 0.005153423 0.3798536
 0.005163165 0.3686869
 0.005167273 0.3719715
 0.005179423999999999 0.4085163
 0.005194313 0.494685
 0.005213874 0.6555581
 0.005298657 1.256067
 0.005311205 1.282921
 0.005323183 1.248162
 0.0053363 1.135365
 0.005358708 0.8075107
 0.005374862 0.5528508
 0.005384244000000001 0.4178616
 0.005397025000000001 0.2670478
 0.005409805 0.1576418
 0.005413138 0.1374654
 0.005422585999999999 0.08595354
 0.005438655000000001 0.02670774
 0.005448148 0.
 0.005449341 0.
 0.005449351 2.57389E-15
 0.005467474999999999 1.11161E-11
 0.005472111 0.001508722
 0.005494389999999999 0.03102613
 0.005499049 0.03812694
 0.005507847999999999 0.05737123
 0.005512518 0.06888159
 0.005514527 0.07553661
 0.005525987 0.1251433
 0.005539455 0.1991647
 0.005556653999999999 0.3213041
 0.005593331 0.6452952
 0.005610727 0.759888
 0.005625369 0.8211436
 0.005639399000000001 0.8510066
 0.005655879999999999 0.8392674
 0.005689634999999999 0.7310272
 0.005719551000000001 0.6117607
 0.005744361999999999 0.548798
 0.005765208 0.5470842
 0.005821916 0.6107892
 0.005851171 0.6113296
 0.005902395 0.5574442
 0.005953608 0.5974332
 0.005973631 0.5829586
 0.006028521 0.4531246
 0.006045123 0.4433942
 0.006061668 0.4661451
 0.006110998 0.6483236
 0.006127755 0.6816948
 0.006145806 0.6826607
 0.0061795489999999995 0.6155017
 0.006192563999999999 0.581461
 0.006214424 0.5494049
 0.006233231 0.5496399
 0.006305926000000001 0.6114849
 0.006423745 0.5980419
 0.006471784 0.5801485
 0.006500161 0.5761297
 0.006547333999999999 0.5874292
 0.006641719 0.6268451
 0.007124437999999999 0.7271599
 0.008077177 0.9421033
 0.009772372 1.410656
 0.01432664 2.818445
 0.0164059 3.311112
 0.01846233 3.569355
 0.0208002 3.571698
 0.02403699 3.220691
 0.02934325 2.37188
 0.0294877 4.013819
 0.02950478 4.335902
 0.02955993 11.12611
 0.02965002 23.14047
 0.029722639999999998 38.54404
 0.02979527 60.88414
 0.02987697 94.60049
 0.03004491 174.0598
 0.030090290000000002 192.8741
 0.03016607 212.7381
 0.030241599999999997 216.1158
 0.03031132 204.26
 0.03038528 177.7697
 0.03059411 78.45202
 0.030666729999999996 51.12207
 0.030739360000000004 31.05277
 0.030811980000000003 17.71801
 0.030929990000000004 5.098544
 0.030957219999999997 2.124856
 0.0312223 2.086135
 0.0313766 10.48216
 0.03145525 17.65772
 0.03153238 28.31294
 0.0316203 45.28851
 0.0318181 90.90034
 0.03186022 99.03585
 0.03193319 108.731
 0.0320088 111.2396
 0.03208378 105.695
 0.03216586 91.67898
 0.032375049999999995 42.9945
 0.0324519 28.42641
 0.03252875 17.70212
 0.0326056 10.58301
 0.0327515 2.319795
 0.032759300000000005 1.870018
 0.03384153 1.727397
 0.03400813 1.864794
 0.03409142 1.985339
 0.0341748 2.173865
 0.034270049999999996 2.48136
 0.0345912 3.774164
 0.034674500000000004 3.965293
 0.0347578 4.055232
 0.035034579999999996 4.134399
 0.03532258 4.444678
 0.03542148 4.449014
 0.035742579999999996 4.195493
 0.0359541 4.256191
 0.03628657 4.652068
 0.03647558 4.969691
 0.03674211 5.207668
 0.03725 5.445976
 0.03820968 5.180931
 0.0403503 4.644392
 0.04565107 3.25106
 0.04896076 2.568162
 0.052467230000000004 2.01733
 0.0554445 1.669472
 0.055907689999999996 1.701555
 0.05658903 1.930504
 0.05686157 1.92449
 0.057168369999999996 1.788824
 0.057561600000000004 1.588843
 0.05791481 1.513194
 0.05880025 1.526558
 0.06222017 1.312846
 0.06683175999999999 1.130489
 0.07079458 1.035109
 0.0768 0.9622878
 0.08270000000000001 0.9435165
 0.09306767 0.9761751
 0.1380384 1.255856
 0.1690607 1.36821
 0.1827342 1.394985
 0.1841183 1.467062
 0.1850302 1.586189
 0.1874243 2.119747
 0.1885568 2.285414
 0.1900262 2.374336
 0.19336940000000002 2.342165
 0.1953 2.45231
 0.1972 2.678235
 0.1992673 3.086758
 0.2014595 3.719032
 0.2050248 5.101975
 0.2178881 10.70454
 0.2264644 13.72661
 0.235 15.76921
 0.252 18.1079
 0.2723854 19.78751
 0.30381009999999997 20.57351
 0.3172687 20.80146
 0.3190864 21.57373
 0.32151240000000003 24.1392
 0.32381530000000003 26.49983
 0.3254252 26.30743
 0.32928379999999996 22.75686
 0.33201630000000004 22.32782
 0.3376904 24.83655
 0.3402971 24.51502
 0.34422640000000004 23.18507
 0.4137189 21.75009
 0.42193189999999997 22.27553
 0.6006246 16.49068
 0.7161909 13.63691
 0.864 10.93116
 1.002421 9.082312
 1.1682750000000002 7.434974
 1.35377 6.092016
 1.578023 4.918682
 1.789617 4.107044
 2.0735699999999997 3.310926
 2.164962 3.111817
 2.17562 3.461868
 2.181376 3.818138
 2.186618 4.330704
 2.192378 5.154705
 2.200593 6.773588
 2.213969 9.779376
 2.219046 10.70905
 2.224667 11.4115
 2.230188 11.77283
 2.2423439999999997 11.73129
 2.25619 11.29932
 2.2718909999999997 11.38002
 2.286237 12.47222
 2.306626 14.43628
 2.318426 14.90809
 2.38251 14.04661
 2.4799539999999998 13.43308
 2.5409450000000002 14.54301
 3.0624049999999996 11.10122
 3.5075190000000003 9.015477
 4.02717 7.261203
 4.628149 5.805555
 5.2863299999999995 4.662601
 5.961915 3.813625
 6.782640000000001 3.063324
 7.772465 2.423401
 8.7485 1.972737
 9.841076000000001 1.603386
 11.05372 1.305044
 12.35592 1.069612
 13.81129 0.8753082
 15.37008 0.7208242
 17.37051 0.576558
 17.53699 0.5734991
 17.61796 0.5987408
 17.66791 0.643659
 17.70863 0.710748
 17.7472 0.8099985
 17.78418 0.9458175
 17.82616 1.152652
 17.88625 1.543513
 18.04317 2.745686
 18.12994 3.214505
 18.232029999999998 3.476976
 18.381249999999998 3.537382
 21.32975 2.795044
 24.324080000000002 2.252774
 27.66724 1.812292
 31.11883 1.478257
 35.332750000000004 1.18333
 39.260040000000004 0.980222
 43.08985 0.8283007
 47.46541 0.6938121
 53.083569999999995 0.5640494
 59.28549 0.4586754
 65.12821000000001 0.3839584
 72.09451999999999 0.31628
 79.09351000000001 0.2648194
 88.46691 0.2133212
 98.28789 0.1737175
 110.3825 0.1386077
 121.8485 0.1142522
 133.96089999999998 0.09488693
 148.5863 0.07749507
 163.8208 0.06403037
 180.8108 0.05279328
 199.39170000000001 0.0436752
 221.6974 0.03562534
 245.1635 0.02942305
 271.4089 0.02432268
 302.15819999999997 0.01996044
 336.27479999999997 0.01646569
 368.60609999999997 0.01401751
 410.9131 0.01164378
 464.8831 0.009513235
 517.309 0.008046028
 575.647 0.006857645
 642.8727 0.00586217
 724.9574 0.004996218
 824.4365 0.004273955
 954.9925999999999 0.003617639
 1120.6009999999999 0.003054984
 1347.258 0.002508594
 1622.287 0.002056651
 1859.734 0.00177692
 2235.8920000000003 0.001459114
 2688.134 0.001198149
 3231.848 0.0009838576
 3885.536 0.0008078927
 4671.441 0.0006633995
 5616.308 0.0005447492
 6752.287 0.0004473197
 8118.035000000001 0.0003673157
 9760.024 0.0003016205
 10000. 0.0006092598
