 0.001 -41.84121
 0.002198935 -40.35395
 0.002518311 -38.06331
 0.0026418260000000003 -35.18755
 0.002696097 -32.15868
 0.00272436 -28.96875
 0.0027358210000000003 -26.46433
 0.002756023 -20.76252
 0.002765072 -18.1717
 0.0027718049999999996 -16.95643
 0.002779171 -16.89226
 0.002782958 -17.52476
 0.0027888509999999997 -19.32627
 0.002796426 -23.12086
 0.0028065940000000004 -28.6643
 0.0028197369999999997 -32.37716
 0.0028279719999999998 -31.66962
 0.0028372370000000003 -28.1708
 0.002846042 -25.07686
 0.002852905 -24.78977
 0.002858209 -26.56395
 0.002863113 -29.84363
 0.002871477 -39.27094
 0.002873358 -41.94842
 0.002877555 -36.65564
 0.002887532 -21.43557
 0.002893582 -14.08432
 0.002896064 -11.76038
 0.002900119 -8.688664
 0.0029027659999999998 -7.284647
 0.002904468 -6.63898
 0.00290617 -6.215231
 0.0029091950000000003 -5.805361
 0.00291114 -5.762924
 0.002912112 -5.839406
 0.002918271 -7.266566
 0.0029199990000000004 -7.987132
 0.0029261580000000003 -10.6379
 0.0029362060000000002 -15.69493
 0.002947227 -20.38203
 0.002950336 -22.07688
 0.002960928 -25.32473
 0.002979509 -28.68078
 0.003011003 -31.92672
 0.003075208 -35.26362
 0.003218375 -38.40895
 0.003516225 -42.01548
 0.0035690820000000003 -39.54872
 0.0036150659999999997 -35.27167
 0.0036320640000000004 -36.22326
 0.003647135 -39.65717
 0.003655594 -42.15325
 0.003676405 -35.44685
 0.00369127 -33.14117
 0.003706614 -33.30872
 0.003774642 -41.65478
 0.003800434 -42.27223
 0.0038222740000000005 -39.82464
 0.003852488 -35.22131
 0.003875406 -34.27704
 0.004039895 -38.0991
 0.004473994 -41.19881
 0.004537242 -41.47074
 0.0046122889999999995 -38.46985
 0.004821818 -40.23304
 0.005177887999999999 -41.19521
 0.005326913 -41.87144
 0.005407507000000001 -40.00243
 0.005549867 -41.24222
 0.005655088 -40.05052
 0.005906295 -41.53625
 0.006025669 -40.83267
 0.006162796999999999 -41.74919
 0.006290418 -40.8715
 0.006473955 -41.39331
 0.01510705 -42.48863
 0.022013309999999998 -40.71509
 0.027816809999999997 -34.51869
 0.030718920000000004 -29.73519
 0.032161959999999996 -25.68967
 0.03290362 -22.37105
 0.03345202 -18.6752
 0.03382784 -14.95976
 0.03408657 -11.38479
 0.0342599 -8.213609
 0.03434235 -6.38092
 0.034409680000000005 -4.675239
 0.03446018 -3.242936
 0.034498049999999995 -2.063642
 0.03452646 -1.108992
 0.03456907 0.4614675
 0.034590369999999995 1.326861
 0.03461168 2.288488
 0.03465427 4.28874
 0.03469687 6.391631
 0.03473947 8.742409
 0.03478206 11.50995
 0.03481716 14.21261
 0.03484787 17.19087
 0.03486725 19.62106
 0.03488855 21.66335
 0.0350149 32.16193
 0.03512033 42.04866
 0.03520762 48.27069
 0.035245069999999996 49.52533
 0.03532383 49.37728
 0.03538464 45.41398
 0.03542974 40.30064
 0.0354636 34.76
 0.03551685 24.14201
 0.03554164 18.19878
 0.03555412 14.43339
 0.03559405 3.737651
 0.03560403 0.9911793
 0.03561152 -1.141266
 0.03561714 -2.798095
 0.03562556 -5.421827
 0.03563188 -7.594733
 0.03563794 -9.978832
 0.0356567 -16.00745
 0.03570998 -32.35771
 0.035715069999999995 -34.13417
 0.03573242 -27.72178
 0.035755949999999995 -20.58171
 0.03579832 -8.308238
 0.035804369999999995 -6.248448
 0.03580703 -5.285496
 0.03581219 -3.675721
 0.03581703 -2.277786
 0.03582609 0.1785379
 0.035834029999999996 2.206555
 0.03584791 5.56766
 0.03588956 15.18978
 0.035905200000000005 18.66588
 0.035933009999999994 23.50923
 0.03597491 29.07516
 0.03602407 33.4804
 0.03605995 35.17349
 0.03612118 35.83646
 0.03621169 31.85243
 0.036306200000000004 24.43777
 0.03632563 22.33622
 0.03642852 13.74966
 0.0364899 9.808962
 0.03650941 8.620298
 0.036538680000000004 6.580208
 0.03656063 4.734556
 0.03656794 3.900922
 0.03657402 3.191141
 0.03658542 2.167281
 0.03660537 0.6704521
 0.03662033 -0.3170143
 0.03664277 -1.651531
 0.03666522 -2.826384
 0.03670904 -4.934934
 0.03699736 -17.66804
 0.037141850000000004 -25.01878
 0.03720033 -28.94982
 0.03728056 -33.98993
 0.03738345 -27.93731
 0.03751057 -20.09162
 0.03758394 -16.22509
 0.037670920000000004 -13.31622
 0.037709400000000004 -13.00452
 0.03775142 -13.47907
 0.03780012 -14.9701
 0.03785911 -18.12762
 0.037900249999999996 -21.26467
 0.03793281 -24.79669
 0.03800796 -33.99407
 0.03804217 -28.54851
 0.038106869999999994 -19.0012
 0.038124200000000004 -15.76025
 0.03815234 -11.46861
 0.03819263 -5.652288
 0.0382027 -4.055978
 0.03820892 -2.888685
 0.03821447 -1.99339
 0.03822486 -0.4802099
 0.03824305 1.922038
 0.0382908 7.715156
 0.03830248 9.333
 0.038329550000000004 12.19923
 0.03837204 15.58105
 0.03842274 18.4667
 0.038484 20.55618
 0.03852449 21.16895
 0.03856353 21.04531
 0.038658819999999997 18.42768
 0.03873951 14.82704
 0.03876687 13.25775
 0.038860189999999996 8.796369
 0.03891798 6.487875
 0.03899138 3.850947
 0.039010739999999995 3.045299
 0.03902042 2.589004
 0.039039380000000005 1.468679
 0.03905561 0.7501152
 0.039079970000000006 -0.1318513
 0.03910432 -0.8711504
 0.0391407 -1.779428
 0.03918771 -2.768128
 0.03923473 -3.611319
 0.039328749999999996 -5.052774
 0.0398929 -12.74693
 0.04013945 -15.17262
 0.040405960000000005 -16.4544
 0.04159078 -19.69387
 0.04276664 -22.17524
 0.0576 -25.34395
 0.06666586000000001 -26.85724
 0.0929 -29.41771
 0.194219 -33.82446
 0.2238935 -36.73815
 0.24695 -41.6069
 0.2598267 -45.37142
 0.2725 -44.75152
 0.3124724 -35.90059
 0.3513395 -30.25151
 0.3794326 -27.92097
 0.3923904 -28.19487
 0.4050537 -26.23709
 0.4394721 -21.89738
 0.4748597 -19.09447
 0.49580679999999994 -18.31271
 0.5110195 -16.79167
 0.5511248 -14.37501
 0.6086881 -12.01218
 0.6721425 -10.23368
 0.7477864 -8.783082
 0.8326854 -7.740654
 0.9372922 -6.948678
 1.076639 -6.417425
 1.230269 -6.212117
 1.437438 -6.307853
 1.738003 -6.924146
 1.9852379999999998 -7.867493
 2.175539 -9.061859
 2.30232 -10.36028
 2.387503 -11.79267
 2.440225 -13.28105
 2.472334 -14.92787
 2.512808 -18.32924
 2.5274579999999998 -18.48101
 2.570369 -15.73411
 2.592408 -15.24286
 2.624177 -15.24678
 2.6438159999999997 -14.51707
 2.687713 -12.03111
 2.726492 -10.76446
 2.77764 -9.835804
 2.846251 -9.513782
 2.888631 -8.302016
 2.937032 -7.123454
 3.015762 -5.905423
 3.110669 -4.851255
 3.208116 -4.024675
 3.341255 -3.172377
 3.467731 -2.551005
 3.630781 -1.943222
 3.726774 -1.654239
 3.889811 -1.258204
 4.032925 -0.9790417
 4.19276 -0.7315533
 4.314026999999999 -0.5766919
 4.481323 -0.4000782
 4.586736999999999 -0.3106453
 4.7357700000000005 -0.2055445
 4.864378 -0.132469
 4.9930010000000005 -0.07038206
 5.069907000000001 -0.03819054
 5.158221999999999 -0.004707068
 5.169369 -0.001157737
 5.19839 0.007966217
 5.271492 0.03032269
 5.369382 0.05375397
 5.477997 0.07435968
 5.612549 0.09369446
 5.745761 0.1080208
 5.905409000000001 0.1193314
 6.086603 0.1265642
 6.2707120000000005 0.1263754
 6.513921 0.117704
 6.759177 0.102481
 6.918522 0.08922325
 7.169168 0.06350732
 7.570008 0.01496046
 7.665941 0.002367053
 7.697411000000001 -0.001713854
 7.829325 -0.01803813
 8.132693 -0.05898174
 8.748000000000001 -0.1480591
 13.90089 -0.9176546
 15.56252 -1.207087
 16.86674 -1.50199
 17.774910000000002 -1.788859
 18.41783 -2.08067
 18.86071 -2.371621
 19.22573 -2.735511
 19.46207 -3.119101
 19.622359999999997 -3.56087
 19.88027 -4.543981
 19.97643 -4.634097
 20.076050000000002 -4.415338
 20.331249999999997 -3.326747
 20.45926 -2.93021
 20.63154 -2.568086
 20.89296 -2.193746
 21.25691 -1.825478
 21.67392 -1.519881
 22.25871 -1.204618
 22.843349999999997 -0.9717949
 23.4983 -0.77127
 24.17623 -0.6092172
 24.820140000000002 -0.4821122
 25.68697 -0.3424511
 26.32162 -0.2602301
 26.69355 -0.2182186
 27.292070000000002 -0.1592749
 27.99157 -0.100202
 28.52795 -0.06205986
 29.35184 -0.01011564
 29.5915 0.002513644
 30.19952 0.0349538
 30.87726 0.06474386
 31.512489999999996 0.08796889
 32.30705 0.1129207
 33.01872 0.1311265
 33.96537 0.1517854
 35.48575 0.1752409
 37.3446 0.1941793
 40.105509999999995 0.2095963
 43.49673 0.2105762
 49.0989 0.1951004
 70.2437 0.09397157
 77.37922999999999 0.06403165
 83.31929000000001 0.04160499
 88.5423 0.02383832
 92.4629 0.01167212
 94.47622 0.005796515
 96.54503 0.00002079365
 96.57034 -0.00004914918
 98.69753 -0.005775916
 102.6302 -0.0159265
 110.283 -0.03355247
 118.9144 -0.05074238
 131.48250000000002 -0.07160052
 145.4655 -0.09025516
 166.5592 -0.1118933
 194.98250000000002 -0.1326875
 237.2654 -0.1529459
 299.6605 -0.1704312
 416.2699 -0.1862476
 652.6607 -0.1975381
 1490.307 -0.2040923
 4671.441 -0.2055051
 10000. -0.2055605
