 0.001 -50.95057
 0.003034987 -50.27728
 0.0038495719999999995 -48.46296
 0.003991848 -46.24343
 0.004032353000000001 -43.52946
 0.004073194 -40.1687
 0.004090365 -41.10267
 0.004108949 -45.32866
 0.004127823 -51.33323
 0.0041472900000000005 -45.80555
 0.004165395 -43.90962
 0.004190765 -45.35783
 0.004244887 -49.81118
 0.0042668210000000005 -50.57796
 0.004739477 -46.67106
 0.004794685 -45.32893
 0.004828736 -47.76959
 0.00487114 -51.84791
 0.004910818 -51.83163
 0.005041240000000001 -48.41669
 0.005229156 -44.40338
 0.005296792 -40.92072
 0.00532587 -37.62926
 0.0053825669999999996 -27.73463
 0.005399495 -26.52806
 0.0054124260000000006 -27.77591
 0.005425671 -31.03321
 0.005443875 -39.47378
 0.005463803 -52.24201
 0.005479538999999999 -42.85061
 0.005490895 -37.39283
 0.005502424 -34.09331
 0.005516309 -32.20561
 0.005525197 -32.25244
 0.0055399509999999996 -34.02535
 0.005605741 -45.95748
 0.005646884 -48.97501
 0.005759162 -50.61846
 0.005817154 -52.3689
 0.005963426 -46.66496
 0.006012241000000001 -42.33496
 0.006071044 -34.89084
 0.006092738 -34.28462
 0.006109218 -35.83062
 0.006128515 -40.31473
 0.006155624 -50.51171
 0.006159678 -52.41264
 0.0061981169999999995 -40.3049
 0.0062161429999999995 -37.29792
 0.006233094 -36.6139
 0.006259511 -38.64028
 0.006341345 -49.9499
 0.006392028 -53.35654
 0.006439247 -52.31806
 0.006502806000000001 -48.81134
 0.0065546020000000005 -50.48333
 0.006621887999999999 -52.87919
 0.0067173369999999994 -54.20197
 0.006804851 -54.69486
 0.006824904 -54.68328
 0.006905062 -48.66333
 0.0069604789999999995 -48.50985
 0.007112946 -53.14879
 0.007252835 -51.17536
 0.007409869 -52.11609
 0.007822352999999999 -54.0875
 0.007978656 -47.40597
 0.008083993999999999 -37.93007
 0.008111756000000001 -37.1402
 0.008136634 -38.80481
 0.008157206 -42.31471
 0.008191481 -51.21742
 0.008195561 -51.89197
 0.008221249 -44.3558
 0.008246463 -38.8896
 0.008271676 -36.10907
 0.008293786000000001 -35.89401
 0.008331007 -38.3865
 0.008420868 -46.3564
 0.008531045 -51.1991
 0.008644422 -44.67133
 0.00869045 -39.79805
 0.008719477 -34.79863
 0.008762296 -27.59304
 0.008791941999999999 -23.0376
 0.008812473 -21.68837
 0.008829758 -22.55799
 0.008843981 -24.90468
 0.008862568 -30.45383
 0.008886376 -41.42644
 0.008902357 -50.42419
 0.00892791 -35.00759
 0.008940092 -27.73422
 0.008958825 -18.75402
 0.008971448 -14.31337
 0.008979064 -12.07669
 0.008987552000000001 -10.24482
 0.008992528000000001 -9.444999
 0.008997797 -8.856814
 0.009007163 -8.214718
 0.009016195 -8.09835
 0.009035263 -9.43585
 0.009059682999999999 -12.96725
 0.009090793 -18.40276
 0.009124914 -23.44285
 0.009133268 -25.11076
 0.009161212 -28.24973
 0.009223344000000001 -32.16505
 0.009317909000000001 -35.35962
 0.009524846 -38.63906
 0.01 -41.30081
 0.01136241 -43.08893
 0.0139115 -44.25115
 0.01415452 -43.43192
 0.015430429999999998 -44.25881
 0.02871759 -48.86818
 0.031824269999999995 -51.61528
 0.03255987 -48.88026
 0.033118850000000005 -41.81686
 0.03327922 -42.99162
 0.03342926 -47.66617
 0.033562329999999994 -52.49141
 0.03372898 -47.42337
 0.03431511 -39.91761
 0.03453984 -39.95253
 0.03509783 -43.66651
 0.03604142 -47.5477
 0.03834936 -52.05153
 0.03895808 -51.29725
 0.03962722 -52.65962
 0.04041791 -52.20704
 0.0472 -61.11446
 0.052149350000000004 -67.88421
 0.0548125 -67.02032
 0.057459 -60.88447
 0.06356934 -38.75607
 0.06637304 -30.76914
 0.06849330000000001 -26.26704
 0.07047115999999999 -23.08093
 0.07267695 -20.57607
 0.07547258 -18.68046
 0.0787499 -17.82275
 0.08321830999999999 -18.1323
 0.09242325 -20.99186
 0.1032057 -25.27121
 0.1050028 -25.83096
 0.10644759999999999 -25.90771
 0.1094643 -26.78849
 0.126 -29.3386
 0.160278 -32.84475
 0.23435430000000002 -33.92155
 0.3735712 -34.60448
 0.44988979999999995 -37.16706
 0.49621050000000005 -40.9957
 0.5214228 -45.29566
 0.5353887 -50.08884
 0.5525133999999999 -60.77954
 0.5602683 -60.97743
 0.5722499999999999 -55.79869
 0.5915034 -43.88423
 0.6061485 -37.95401
 0.6240851 -33.46725
 0.65 -29.88046
 0.6888505 -26.67481
 0.7301188000000001 -24.7287
 0.7498392 -24.92025
 0.7624007 -25.50402
 0.7831831 -22.94767
 0.8117028000000001 -21.61968
 0.8439584 -18.94033
 0.8900759 -16.7322
 0.9225925 -16.05835
 0.9326239999999999 -15.75411
 0.9577173999999999 -14.29209
 1.012581 -12.35344
 1.088421 -10.49398
 1.191411 -8.735977
 1.294333 -7.543528
 1.411014 -6.637264
 1.57353 -5.845866
 1.752871 -5.382391
 2.014014 -5.130565
 2.30078 -5.188562
 2.756383 -5.696753
 3.1564520000000003 -6.493109
 3.4827719999999998 -7.50755
 3.718076 -8.656569
 3.876196 -9.897653
 3.9775549999999997 -11.21209
 4.035035000000001 -12.50083
 4.081104000000001 -14.42927
 4.117077999999999 -16.02524
 4.1424579999999995 -16.11596
 4.218761 -13.22772
 4.26745 -12.36118
 4.318025 -12.28837
 4.380585 -12.71401
 4.41429 -12.1269
 4.487481 -10.17313
 4.551267999999999 -9.274009
 4.6122689999999995 -8.977485
 4.664984 -8.887311
 4.7079260000000005 -8.304297
 4.7762389999999995 -7.08134
 4.852055 -6.194164
 4.983143 -5.115812
 5.139088 -4.186107
 5.307354999999999 -3.416435
 5.511248 -2.710596
 5.698167 -2.207302
 5.922431 -1.729298
 6.143904 -1.365855
 6.3212600000000005 -1.124968
 6.507848999999999 -0.9156397
 6.636416 -0.7928259
 6.78095 -0.6723151
 6.948243 -0.552665
 7.207090999999999 -0.4000306
 7.301928 -0.3500073
 7.496329 -0.2643236
 7.714041 -0.1839348
 7.839245999999999 -0.1454112
 8.055964000000001 -0.08863295
 8.274847 -0.04114675
 8.313120999999999 -0.03316059
 8.420008 -0.01625843
 8.485879 -0.006562991
 8.548009 0.001752834
 8.605437 0.009637668
 8.712856 0.02186022
 8.859110999999999 0.03412151
 9.075919 0.04904545
 9.316097000000001 0.05888387
 9.486113 0.06209257
 9.718028 0.06356503
 9.933582999999999 0.06311615
 10.1455 0.05733565
 10.466569999999999 0.04486681
 10.839269999999999 0.02669502
 11.10772 0.0110001
 11.189680000000001 0.005350276
 11.39921 -0.01026886
 11.60927 -0.02568967
 12.45403 -0.0974178
 13.7808 -0.2205666
 21.24914 -0.9452056
 23.67567 -1.216452
 25.68281 -1.502207
 27.16235 -1.796529
 28.20771 -2.10242
 28.97457 -2.44663
 29.48315 -2.811534
 29.817320000000002 -3.221027
 30.06882 -3.755449
 30.34964 -4.422865
 30.50145 -4.506505
 30.65174 -4.292788
 31.07699 -3.178268
 31.33548 -2.740459
 31.686 -2.354494
 32.101980000000005 -2.039336
 32.747690000000006 -1.689223
 33.62195 -1.35373
 34.54661 -1.096761
 35.705639999999995 -0.8599991
 37.06716 -0.6591209
 38.06326 -0.5420259
 39.381569999999996 -0.4193669
 40.40491 -0.3396376
 41.56195 -0.2646295
 42.15069 -0.2319142
 43.15191 -0.1840619
 44.234950000000005 -0.1397942
 45.22845 -0.1055108
 46.57201 -0.06493374
 47.54549 -0.04131366
 48.76469 -0.01619655
 49.70937 -0.0005525283
 49.855 0.001882489
 50.41121 0.009652211
 51.291509999999995 0.02224783
 52.10924 0.03075191
 53.57178 0.04493853
 55.136379999999996 0.05680959
 57.58604 0.06903701
 59.053960000000004 0.07437842
 60.560120000000005 0.07788131
 63.745999999999995 0.07997368
 66.54347 0.0774639
 71.60077 0.06841059
 75.57275 0.05879787
 81.0898 0.04167359
 87.56959 0.02001166
 93.36595 0.001652507
 93.54393 0.001103966
 94.74058000000001 -0.002756585
 95.74652 -0.005947349
 97.11868999999999 -0.01059419
 104.2078 -0.03243444
 113.968 -0.06013795
 126.30069999999999 -0.09032279
 140.4429 -0.1198779
 158.7747 -0.150997
 182.76229999999998 -0.1823869
 216.1744 -0.2140384
 266.0725 -0.2450544
 341.7827 -0.2723578
 472.2584 -0.29516
 748.8158000000001 -0.3121503
 1776.0320000000002 -0.3215392
 5363.532 -0.3236064
 10000. -0.3236398
