 0.001 -52.98537
 0.003077883 -52.8172
 0.005690375 -51.14731
 0.006161405 -48.78257
 0.006289673000000001 -46.04837
 0.0063523189999999995 -41.63514
 0.006388785 -38.62788
 0.006414555 -38.35998
 0.00643692 -40.77972
 0.006462659 -47.03915
 0.0064877730000000005 -54.65774
 0.006515351999999999 -47.62351
 0.0065390249999999995 -44.89657
 0.006568198 -45.30831
 0.006661399 -52.67171
 0.006744114000000001 -54.6307
 0.007392728 -47.57156
 0.007558723 -42.29673
 0.0075979889999999994 -43.27871
 0.007680664000000001 -48.91259
 0.007726372 -48.52151
 0.007790563 -43.64105
 0.007830183999999999 -38.7966
 0.00786039 -33.54121
 0.007917894 -23.91942
 0.007939705 -22.10443
 0.007953472 -22.6182
 0.007965029 -24.04258
 0.007981063 -27.59081
 0.007999573999999999 -34.64823
 0.008011947 -40.62374
 0.008032849 -52.46241
 0.008050983 -50.47599
 0.008075906999999998 -39.39858
 0.008094882 -34.62874
 0.008115336 -32.21627
 0.008127705 -32.29118
 0.00814941 -34.31774
 0.00820529 -41.23065
 0.008244712 -45.74598
 0.00841751 -57.12109
 0.008515521000000002 -50.81773
 0.008607135 -42.74902
 0.008636955 -41.77574
 0.008669260000000002 -43.53042
 0.008702436000000001 -48.86719
 0.008725984 -54.23178
 0.008747032 -57.20421
 0.008784224 -51.63026
 0.008818687 -50.44799
 0.008866627 -54.6834
 0.008894859 -58.63241
 0.008971238999999999 -48.99892
 0.009018009 -47.0852
 0.009073034 -48.253
 0.009130363 -53.36568
 0.009168926 -60.05962
 0.009236368 -47.74374
 0.009270618999999999 -44.60641
 0.009301528 -43.96263
 0.009499943 -50.69671
 0.009654376 -55.74096
 0.009778874 -60.38645
 0.009836727 -58.80831
 0.009938775 -51.2958
 0.009988252 -51.04005
 0.01013213 -59.07945
 0.01018531 -57.7853
 0.010303040000000001 -47.07963
 0.01036343 -45.26037
 0.010593660000000001 -48.47209
 0.01097621 -50.33084
 0.0111297 -53.24763
 0.01119305 -55.41047
 0.01127828 -51.22222
 0.011326280000000001 -52.20109
 0.01135668 -54.30556
 0.01141222 -45.44823
 0.01146794 -36.79848
 0.011503919999999999 -33.59589
 0.01154161 -32.61192
 0.01159642 -34.1467
 0.01171754 -39.20523
 0.011872629999999999 -41.29281
 0.01232212 -42.45927
 0.016945309999999998 -41.97212
 0.01902593 -42.23408
 0.04284841 -49.71351
 0.0468967 -52.96749
 0.047480959999999996 -54.22776
 0.048191059999999994 -52.56938
 0.04853973 -54.74601
 0.049152 -49.14961
 0.04962736 -47.8569
 0.0510166 -51.20617
 0.055931879999999996 -58.11776
 0.057229260000000004 -59.52927
 0.059065599999999996 -61.60078
 0.06258735 -69.85235
 0.06602402 -83.42402
 0.06839978 -92.79498
 0.06962478 -92.85466
 0.0707 -87.36205
 0.07194109 -74.3285
 0.0743 -42.37064
 0.07528806 -31.79709
 0.07599301 -25.99705
 0.07681719999999999 -20.90464
 0.07774007000000001 -16.93029
 0.07867908 -14.30245
 0.07968386 -12.55491
 0.08092427 -11.39886
 0.08274431 -10.83974
 0.08504328 -11.05536
 0.0888375 -12.36882
 0.107315 -21.26012
 0.12196910000000001 -26.43834
 0.1304963 -29.21735
 0.1342596 -29.29115
 0.147906 -31.36542
 0.1937621 -34.33384
 0.3960304 -34.22449
 0.48000970000000004 -35.71683
 0.539481 -38.52566
 0.5797352 -42.45527
 0.6044553 -47.14464
 0.6191483 -52.63553
 0.6280688 -59.49656
 0.6373194000000001 -68.32582
 0.6426341999999999 -68.52036
 0.6505000000000001 -61.51728
 0.6636088 -49.4715
 0.6754998999999999 -41.77594
 0.6883472 -36.32355
 0.7014031 -33.23231
 0.7314372 -29.431
 0.7823352 -25.68461
 0.8312578 -23.75647
 0.8549116 -23.93922
 0.8688085999999999 -24.73689
 0.8824313 -23.27956
 0.9007807999999999 -21.6057
 0.931562 -20.48184
 0.9573175 -18.50267
 1.001728 -16.43138
 1.040158 -15.47942
 1.05649 -15.27847
 1.085622 -13.78962
 1.147809 -11.84822
 1.237503 -9.946942
 1.356954 -8.234971
 1.4854759999999998 -7.015492
 1.626464 -6.158693
 1.815252 -5.478602
 2.0736 -5.053277
 2.3688160000000003 -4.963344
 2.737435 -5.17058
 3.13509 -5.664633
 3.5898000000000003 -6.56992
 3.9261909999999998 -7.625854
 4.150665 -8.73149
 4.3111180000000004 -10.00411
 4.410272 -11.33972
 4.461263 -12.55377
 4.539701 -15.6603
 4.568463 -15.71118
 4.650097 -12.84625
 4.702772 -11.92664
 4.76373 -11.67855
 4.851623 -12.27184
 4.895178 -11.54525
 4.960996 -9.962463
 5.030847 -9.076372
 5.098195 -8.805351
 5.155461 -8.697875
 5.1998940000000005 -8.141295
 5.271492 -6.980786
 5.368447 -5.977275
 5.511125000000001 -4.9557
 5.680839 -4.062772
 5.906023 -3.185061
 6.146887 -2.487193
 6.390725 -1.958568
 6.672808 -1.483746
 6.955569 -1.126879
 7.12684 -0.950206
 7.319067 -0.783808
 7.527391 -0.6349677
 7.673615 -0.5449041
 7.850238000000001 -0.4493904
 8.059987 -0.351574
 8.263945999999999 -0.2725101
 8.481385 -0.2015013
 8.661201 -0.1535065
 8.818317 -0.1170514
 9.028694999999999 -0.07325725
 9.231525000000001 -0.04124925
 9.310848 -0.03079578
 9.418663 -0.0177641
 9.515628999999999 -0.00694962
 9.553764 -0.003254899
 9.623694 0.002836847
 9.664393 0.006447111
 9.725022 0.01046716
 9.831751 0.01662587
 9.964087 0.02317744
 10.05315 0.02706684
 10.21584 0.03215049
 10.31673 0.03444464
 10.51943 0.03685229
 10.80034 0.03683325
 11.02808 0.03493594
 11.26873 0.0273266
 11.549900000000001 0.01549065
 11.63958 0.01181173
 11.88035 -0.0002610052
 11.885019999999999 -0.0004924429
 12.022639999999999 -0.007150716
 12.329130000000001 -0.02516316
 12.44514 -0.03251002
 12.8964 -0.06497776
 14.11912 -0.1622813
 22.473300000000002 -0.8989963
 25.21511 -1.168611
 27.64901 -1.468436
 29.38138 -1.767033
 30.58279 -2.072139
 31.362180000000002 -2.367663
 31.92151 -2.686587
 32.32858 -3.060046
 32.61063 -3.509783
 33.02325 -4.406435
 33.18503 -4.489782
 33.355129999999996 -4.269417
 33.77082 -3.258678
 33.98508 -2.883715
 34.26827 -2.544738
 34.72941 -2.169971
 35.32179 -1.839509
 36.11402 -1.519545
 37.10492 -1.22512
 38.01894 -1.026222
 39.00919 -0.8556942
 40.53863 -0.6586773
 41.66351 -0.5433802
 43.485299999999995 -0.399273
 44.786390000000004 -0.3169327
 46.73674 -0.2228239
 48.078759999999996 -0.1717775
 48.98806 -0.1432554
 50.122189999999996 -0.1115348
 51.39697 -0.08095012
 52.731519999999996 -0.05456988
 53.92765 -0.03556318
 55.50252 -0.01427303
 56.39929 -0.005511114
 56.85332 -0.001486503
 57.016169999999995 -0.00002186866
 57.46477 0.0041166
 58.003640000000004 0.009140603
 59.71266 0.02139194
 60.92326 0.02743079
 62.3535 0.03372047
 63.965289999999996 0.03926326
 65.64994 0.04292816
 69.09440000000001 0.04513241
 71.7612 0.04305307
 75.53756 0.03744808
 79.70385 0.02954278
 81.84059 0.02450637
 84.65444 0.01662385
 87.79709 0.007620058
 90.23575000000001 0.0001723403
 91.7905 -0.004469493
 93.62812 -0.01028231
 109.2648 -0.05595722
 124.53160000000001 -0.09618135
 142.62120000000002 -0.1354086
 163.3885 -0.1713998
 196.4921 -0.2134477
 242.661 -0.252243
 314.50879999999995 -0.2876755
 431.6744 -0.3161764
 655.0131 -0.3370538
 1286.6219999999998 -0.349641
 3885.536 -0.3537713
 10000. -0.3540785
