 0.001 0.
 0.001593 0.
 0.001596921 1.657508E-7
 0.001600842 3.279751E-7
 0.001604763 5.990733E-7
 0.001608684 0.00000101012
 0.001612605 0.000001572243
 0.001616526 0.000002259022
 0.001620447 0.000002996229
 0.001624368 0.000003668458
 0.001628289 0.000004146159
 0.00163221 0.000004325758
 0.0016361309999999999 0.000004166127
 0.001640052 0.000003703878
 0.001643973 0.000003039729
 0.001651815 0.000001610472
 0.001655736 0.000001039664
 0.0016596570000000001 6.195656E-7
 0.001663578 3.408281E-7
 0.001667499 1.730763E-7
 0.0016714199999999999 0.
 0.001853986 0.
 0.00185855 4.535539E-7
 0.001863113 8.974581E-7
 0.0018676769999999999 0.000001639281
 0.00187224 0.000002764052
 0.001876803 0.000004302224
 0.0018813670000000001 0.000006181498
 0.00188593 0.000008198763
 0.001890493 0.00001003822
 0.001895057 0.00001134538
 0.0018996199999999999 0.00001183683
 0.001904183 0.00001140002
 0.001908747 0.00001013515
 0.0019133099999999999 0.000008317794
 0.001922437 0.000004406831
 0.001927 0.000002844897
 0.0019315629999999999 0.000001695355
 0.0019361270000000002 9.326286E-7
 0.0019406900000000001 4.735991E-7
 0.0019452539999999998 0.
 0.0022731490000000003 0.
 0.002281542 3.081592
 0.002284339 4.095759
 0.0022899350000000003 7.481239
 0.00229553 12.6144
 0.002301824 20.70401
 0.002311528 36.11967
 0.002318609 46.55592
 0.002324019 51.98277
 0.002329693 53.80935
 0.002335542 51.15511
 0.002341121 45.0245
 0.002349673 31.73521
 0.0023570749999999997 20.1116
 0.0023630200000000004 12.65619
 0.002368265 7.737147
 0.0023738609999999997 4.256268
 0.002381903 1.217027
 0.002385051 0.
 0.00243768 0.
 0.00244818 7.377302
 0.00244968 8.420448
 0.00245568 15.38064
 0.002462055 26.83382
 0.0024684299999999998 42.56525
 0.002479126 75.17484
 0.002486055 94.949
 0.002492651 107.1936
 0.0024981139999999996 110.7643
 0.002504231 105.8743
 0.0025107579999999997 92.0357
 0.0025202040000000003 63.78782
 0.00252768 41.34733
 0.00253368 26.6924
 0.00253968 15.90676
 0.00254568 8.750438
 0.00255468 2.224397
 0.00255768 0.
 0.0032939049999999997 0.
 0.003302012 3.58086E-15
 0.00331012 7.08553E-15
 0.003318227 1.29423E-14
 0.003326335 2.18225E-14
 0.003334442 3.39665E-14
 0.0033425499999999997 4.88036E-14
 0.003350657 6.47301E-14
 0.003358765 7.92528E-14
 0.003366872 8.9573E-14
 0.00337498 9.34531E-14
 0.003383088 9.00044E-14
 0.003391195 8.00181E-14
 0.0033993030000000002 6.56699E-14
 0.0034155179999999998 3.47924E-14
 0.003423625 2.24608E-14
 0.003431733 1.3385E-14
 0.00343984 7.3632E-15
 0.003447948 3.73912E-15
 0.003456055 0.
 0.003843653 0.
 0.0038602099999999998 0.1019557
 0.003862575 0.1163722
 0.0038720350000000002 0.2125659
 0.003881496 0.3584175
 0.0038909570000000004 0.5578782
 0.0038940460000000004 0.6408434
 0.003914566 1.670677
 0.003924938 2.321239
 0.003935536 3.110421
 0.003960987 5.210801
 0.0039711699999999996 5.880386
 0.0039818779999999995 6.236667
 0.003990339 6.219794
 0.0040000800000000005 5.788393
 0.004012759 4.710425
 0.004035264 2.376354
 0.004037662 2.145229
 0.004047246 1.384883
 0.00405683 0.8252894
 0.004066415 0.4539968
 0.004080791 0.1154076
 0.004085582999999999 0.
 0.004336532 0.
 0.004336551 1.09657E-14
 0.004347225 1.4034E-11
 0.004357899 2.77661E-11
 0.004368573000000001 5.07115E-11
 0.004379247 8.54979E-11
 0.004389921 1.33064E-10
 0.004405777 2.2142E-10
 0.004427678 0.02563271
 0.004439314 0.1112852
 0.0044494750000000005 0.1945814
 0.004460373 0.3339276
 0.004471934 0.5475443
 0.004485873 0.8849106
 0.0045073330000000005 1.453265
 0.004515427 1.633229
 0.0045263000000000005 1.78111
 0.004538532 1.787135
 0.0045480469999999995 1.688405
 0.004561638000000001 1.393205
 0.004586103 0.7420861
 0.00459154 0.6054309
 0.004602413 0.3860731
 0.004613286 0.2268723
 0.0046238450000000006 0.1201488
 0.004640519 0.02871636
 0.004645642 8.04924E-12
 0.004658214 1.77364E-11
 0.004669624 3.23936E-11
 0.004672249 3.74944E-11
 0.004683748999999999 0.004873968
 0.004695274 0.03424589
 0.004706802 0.06631947
 0.004718331 0.1186821
 0.0047298589999999995 0.1962638
 0.004741388 0.2999178
 0.004770209 0.6093614
 0.004775973 0.6662549
 0.004787502 0.7422154
 0.004799029999999999 0.7639532
 0.004810558 0.726498
 0.004825596 0.6052356
 0.004850163 0.3690026
 0.004856844 0.3144898
 0.004868201 0.2507277
 0.004873923 0.2351025
 0.004880462 0.2254927
 0.004891258 0.2353885
 0.004914534 0.3089659
 0.004921788 0.3501275
 0.004933873 0.4000768
 0.004945957999999999 0.425042
 0.004958041999999999 0.4253111
 0.005004598 0.3456726
 0.00503801 0.3427964
 0.005054719 0.3446583
 0.005117158 0.3317554
 0.005190254 0.3071934
 0.005235098 0.2831972
 0.005272537999999999 0.2813101
 0.005320709999999999 0.286255
 0.005815356 0.2133211
 0.005909505000000001 0.2019003
 0.005938596 0.9698532
 0.005953142 1.605746
 0.005968596 2.65308
 0.005983142 3.991646
 0.006010149 7.096321
 0.0060263240000000004 8.850693
 0.006042634 10.00166
 0.006056502 10.31854
 0.006070841 9.881764
 0.006086665 8.612524
 0.006109562 6.022761
 0.006127687 3.965491
 0.0061422329999999995 2.621708
 0.006156778 1.63234
 0.006171324000000001 0.9754054
 0.006198597 0.2222215
 0.006200415 0.1710704
 0.006515002 0.1437526
 0.006547659999999999 0.7378078
 0.006563853 1.231372
 0.006579646 1.953326
 0.0065965469999999995 3.019959
 0.006644117000000001 6.655003
 0.006661024 7.487346
 0.006676832000000001 7.743994
 0.0066923980000000004 7.435953
 0.0067090249999999995 6.548682
 0.006755539 2.970054
 0.006771574999999999 1.961114
 0.006787611 1.232455
 0.0068036469999999995 0.7585092
 0.006826021999999999 0.3802858
 0.006835717999999999 0.2240311
 0.006842701 0.2447589
 0.006859379 0.3127529
 0.006909414 0.5670646
 0.006926092 0.6246913
 0.00694277 0.6457104
 0.006959448 0.6251379
 0.006976126 0.5674045
 0.0070261609999999995 0.3074249
 0.0070428389999999995 0.2363808
 0.007059518 0.1838871
 0.007076196 0.148753
 0.007109552 0.1050894
 0.007513929999999999 0.0857734
 0.007933321 0.07008166
 0.007972375 0.104584
 0.007991901999999999 0.1335482
 0.008011429 0.1778162
 0.008030955999999999 0.2385811
 0.008080217 0.4279932
 0.008093610000000001 0.4763625
 0.008111990000000001 0.5200531
 0.008131477 0.5335847
 0.008150964 0.5108065
 0.008171381 0.453219
 0.008228912 0.2282428
 0.008245750999999999 0.1740138
 0.008265278000000001 0.1276069
 0.008284805 0.09663607
 0.008323859 0.0583513
 0.008479752 0.05435336
 0.008521494999999999 0.066827
 0.008542366999999999 0.0774855
 0.008563239 0.0938986
 0.008584111 0.1165239
 0.008646725999999999 0.2012523
 0.008667597999999999 0.2204275
 0.008691305 0.2264033
 0.008712697 0.2172172
 0.008746464999999998 0.180265
 0.008783593 0.1336067
 0.008797872 0.1260388
 0.008815897999999999 0.1223103
 0.008827638 0.1241424
 0.008848494 0.140397
 0.008867159 0.1697072
 0.008891692 0.2231028
 0.008940778 0.3647326
 0.008959834 0.410566
 0.00898141 0.4438188
 0.009002986 0.4519196
 0.009024561 0.4339641
 0.009049738 0.3872411
 0.009110863 0.2409306
 0.009132439 0.2005979
 0.009154014 0.1703688
 0.009172957 0.1511912
 0.009217658 0.1259392
 0.009299149 0.1198129
 0.009347466 0.1132809
 0.009412634 0.1140383
 0.00943697 0.1217632
 0.009462195999999999 0.1358975
 0.009531234000000001 0.1955893
 0.009552039 0.2099895
 0.009573719999999999 0.2181488
 0.009596391000000001 0.2175848
 0.009623558 0.207787
 0.009684391 0.1712805
 0.009707692 0.1626888
 0.009730367 0.1596157
 0.009753355 0.1616645
 0.009842109 0.1828774
 0.009866275 0.1847616
 0.009966637 0.1773206
 0.01015908 0.1725437
 0.01032505 0.1545506
 0.010375810000000001 0.1533502
 0.01054103 0.1669699
 0.0106586 0.1682048
 0.01171521 0.1618547
 0.012972369999999999 0.1654649
 0.01452673 0.1835612
 0.016118999999999998 0.2160852
 0.01792903 0.269698
 0.01993984 0.3498724
 0.02237153 0.4772451
 0.02335953 0.5393886
 0.02347453 2.496939
 0.02353202 4.112502
 0.02358952 6.56008
 0.02362051 8.361409
 0.02364702 13.78557
 0.023736789999999997 33.31363
 0.02379493 51.46551
 0.023860330000000003 79.80009
 0.02391985 111.8499
 0.02404949 189.7051
 0.02412272 221.6888
 0.02415355 229.7417
 0.024212829999999998 231.6085
 0.024269290000000002 217.7708
 0.02433124 187.2368
 0.024492589999999998 83.71254
 0.02455073 54.06909
 0.024608869999999998 32.47596
 0.02466701 18.15018
 0.02476652 3.206887
 0.02478329 0.636725
 0.02506047 0.6576102
 0.02518383 0.9106866
 0.02524552 1.11684
 0.025307200000000002 1.427014
 0.02536888 1.849473
 0.025553930000000002 3.422022
 0.025615620000000002 3.781928
 0.0256444 3.856163
 0.0256773 4.168535
 0.02575481 4.526197
 0.02583376 4.885558
 0.02589688 5.499976
 0.02596 6.530369
 0.02610119 10.09279
 0.02614936 11.39614
 0.02622037 12.79572
 0.02628349 13.36
 0.0263437 13.18966
 0.026456149999999998 11.5013
 0.02659208 9.176474
 0.02667141 8.476355
 0.02675635 8.327599
 0.027077939999999998 8.627019
 0.0275515 7.984357
 0.027937459999999997 7.592723
 0.02807498 16.89629
 0.02815049 25.78305
 0.02821683 37.39962
 0.0282852 53.65731
 0.02848972 113.0287
 0.02856595 126.9953
 0.028636230000000002 130.6455
 0.02870018 125.5361
 0.02876828 111.8154
 0.02896981 52.91153
 0.02904025 36.22454
 0.02910645 24.55713
 0.029175219999999998 16.50221
 0.02931274 6.621974
 0.029744629999999998 6.442584
 0.02993019 6.556595
 0.03020602 7.093485
 0.03042906 7.895578
 0.030594160000000002 8.864418
 0.03083775 10.99938
 0.030951660000000002 11.54739
 0.03104153 11.42859
 0.03132176 9.937208
 0.03141504 9.681458
 0.03222369 9.3795
 0.03301571 8.623372
 0.03540581 7.496137
 0.03815328 6.702506
 0.04150491 6.140734
 0.045754399999999994 5.82422
 0.04869961 5.817349
 0.04987171 5.831993
 0.05561707 6.063014
 0.06621548 6.960331
 0.09198345 9.331594
 0.1198756 11.20174
 0.14059449999999998 12.14449
 0.14128839999999998 12.70945
 0.1419839 23.32756
 0.1423317 32.01203
 0.14267939999999998 44.83418
 0.1430804 65.13425
 0.1440922 124.206
 0.1444502 137.0174
 0.1447986 140.4328
 0.1451701 133.0678
 0.1455344 116.8205
 0.1465048 59.01948
 0.1467002 49.6385
 0.1468743 43.19682
 0.1472003 34.67607
 0.1474223 31.50419
 0.1475939 30.58022
 0.14778339999999998 30.84307
 0.14817840000000002 34.66728
 0.1482849 37.09719
 0.14857130000000002 46.67672
 0.1496152 87.38535
 0.15001930000000002 97.11802
 0.1503892 99.52566
 0.1507498 95.17032
 0.1511566 83.37736
 0.1521651 44.35823
 0.15249179999999998 34.03901
 0.1528465 25.75149
 0.1531997 20.23268
 0.1539218 13.3602
 0.15623659999999998 13.96693
 0.1584138 14.71472
 0.1696 16.07116
 0.17785 15.91759
 0.2014036 14.18995
 0.2280468 13.21164
 0.2712264 12.88574
 0.2746454 13.37626
 0.2779821 14.37813
 0.2822818 14.14503
 0.3087535 14.06706
 0.31661100000000003 14.36855
 0.3815121 14.26474
 0.38985719999999996 14.66618
 0.5905408999999999 12.85454
 0.8883763 9.909229
 1.1711779999999998 7.827806
 1.2053319999999998 7.64465
 1.211266 10.95227
 1.21435 13.88139
 1.2174180000000001 18.34308
 1.220604 24.73984
 1.228781 45.11537
 1.232512 51.84683
 1.235502 54.20618
 1.23963 52.63274
 1.2433660000000002 48.87269
 1.248885 42.43104
 1.250427 41.20447
 1.253257 40.85765
 1.256236 42.48022
 1.265528 51.95221
 1.2690780000000002 54.0992
 1.272148 53.5525
 1.275479 50.82642
 1.2843310000000001 39.98228
 1.286997 37.33216
 1.290044 35.17918
 1.297163 32.79728
 1.299188 32.19764
 1.351597 33.14149
 1.42264 32.30318
 1.564111 28.69684
 1.579439 29.7389
 1.598166 31.91768
 1.72136 29.0685
 1.763126 29.87924
 1.916636 26.93904
 1.9664000000000001 26.99232
 2.3442290000000003 21.48246
 2.728585 17.4585
 3.174817 14.06188
 3.599567 11.71053
 4.066618 9.760831
 4.64924 7.969158
 5.308844 6.494534
 6.014496 5.342087
 6.897814 4.297681
 7.32395 3.917598
 7.374459 4.082126
 7.404296 4.424266
 7.431000999999999 4.997923
 7.4583829999999995 5.876801
 7.53081 8.661535
 7.565912999999999 9.5178
 7.60421 9.927029
 7.729528999999999 9.888268
 8.091788000000001 9.236516
 8.165173 9.484753
 8.247733 10.6575
 8.30544 11.49578
 8.384126 11.83704
 8.575712 11.65442
 8.754059 12.61291
 9.006973 12.28904
 10.382769999999999 9.849754
 11.980599999999999 7.826074
 13.670399999999999 6.31036
 15.4665 5.142472
 17.64971 4.120837
 19.8381 3.377719
 22.646449999999998 2.690527
 25.07129 2.254813
 28.282729999999997 1.826622
 31.81106 1.484334
 35.86967 1.199469
 40.33 0.9731322
 44.93842 0.8008627
 50.53244 0.648709
 50.956050000000005 0.6531658
 51.152429999999995 0.6842939
 51.308840000000004 0.7464443
 51.437419999999996 0.8382603
 51.58365 1.002404
 51.73457 1.246547
 51.94899 1.706422
 52.28996 2.49878
 52.5306 2.908253
 52.793220000000005 3.142766
 53.130810000000004 3.227711
 63.135040000000004 2.463014
 70.89012 2.038776
 79.53138 1.67942
 89.7212 1.366025
 102.0245 1.093903
 115.2398 0.8837511
 128.6966 0.7276803
 143.4369 0.6002312
 160.4327 0.4922496
 180.07829999999998 0.4012817
 199.85510000000002 0.3337121
 222.7512 0.2756364
 249.63309999999998 0.226151
 278.9494 0.1868586
 308.5852 0.1576123
 349.5158 0.1283828
 392.07950000000005 0.1068611
 439.4362 0.08960263
 496.2053 0.07475925
 558.5104 0.06319682
 639.6428 0.0526288
 726.5241 0.04478761
 841.3951 0.03764461
 977.2372 0.03200723
 1173.413 0.02628515
 1410.753 0.02143701
 1696.0980000000002 0.01748309
 2039.1580000000001 0.01425844
 2451.607 0.01162856
 2947.48 0.009483739
 3543.6510000000003 0.007734521
 4068.6549999999997 0.006637795
 4891.6 0.005413494
 5880.996 0.004415008
 7070.513 0.003600687
 8500.626 0.002936562
 9760.024 0.002520168
 10000. 0.005177516
