 0.001 0.
 0.001674338 0.
 0.001678459 2.82317E-15
 0.001682581 5.58627E-15
 0.001686702 1.02038E-14
 0.001690823 1.7205E-14
 0.001694944 2.67794E-14
 0.001699065 3.8477E-14
 0.0017031860000000002 5.10336E-14
 0.001707308 6.24834E-14
 0.001711429 7.06199E-14
 0.00171555 7.36789E-14
 0.001719671 7.096E-14
 0.0017237919999999998 6.30867E-14
 0.0017279139999999999 5.17745E-14
 0.001736156 2.74305E-14
 0.0017402770000000001 1.77082E-14
 0.0017443979999999999 1.05528E-14
 0.001748519 5.80519E-15
 0.001752641 2.94794E-15
 0.001756762 0.
 0.001869397 0.
 0.001877449 0.2706815
 0.0018785999999999998 0.3089557
 0.0018832010000000001 0.5643328
 0.001887802 0.9515427
 0.0018924039999999999 1.481068
 0.001900743 2.692012
 0.001906207 3.455723
 0.0019110960000000001 3.916273
 0.0019156980000000002 4.06553
 0.001920434 3.884648
 0.001925296 3.396336
 0.001933055 2.284286
 0.001938524 1.504572
 0.0019432310000000001 0.9610586
 0.001947763 0.5754502
 0.0019522199999999997 0.3210634
 0.0019579719999999997 0.1223515
 0.001961423 0.
 0.002018575 0.
 0.002026028 0.1357145
 0.002028512 0.1803788
 0.002033481 0.3294766
 0.0020384490000000003 0.5555429
 0.002043418 0.8646979
 0.0020514910000000003 1.495587
 0.002058323 2.017568
 0.002063913 2.292615
 0.002068881 2.368119
 0.002073539 2.275422
 0.002078818 1.991487
 0.002086911 1.366432
 0.002093102 0.8857226
 0.002098071 0.5717917
 0.002103039 0.3407469
 0.002108008 0.1874477
 0.00211546 0.04764996
 0.002117945 0.
 0.002213634 0.
 0.0022190829999999997 0.01741945
 0.0022245309999999996 0.03446828
 0.0022299800000000003 0.06295914
 0.002235429 0.1061578
 0.002240877 0.1652337
 0.002246326 0.2374101
 0.002251774 0.3148864
 0.002257223 0.3855337
 0.0022626710000000004 0.4357373
 0.00226812 0.4546122
 0.002273569 0.4378358
 0.002279017 0.3892562
 0.0022844659999999998 0.3194579
 0.002295363 0.1692513
 0.0023008110000000003 0.1092627
 0.00230626 0.06511276
 0.002311709 0.03581906
 0.002317157 0.01818932
 0.002322606 0.
 0.002529695 0.
 0.0025390350000000003 3.10449
 0.0025421479999999997 4.126194
 0.002548374 7.53683
 0.002554601 12.70813
 0.002561606 20.85785
 0.0025724050000000003 36.38806
 0.002580285 46.90186
 0.002586305 52.36904
 0.00259262 54.20919
 0.0025989919999999996 51.66271
 0.002605691 44.88552
 0.0026155249999999996 30.9718
 0.002623093 20.26104
 0.0026297079999999997 12.75024
 0.002635546 7.794639
 0.002641772 4.287895
 0.002650723 1.22607
 0.002654225 0.
 0.002724744 0.
 0.00273648 7.446376
 0.002738157 8.49929
 0.002744864 15.52465
 0.002751989 27.08507
 0.0027591150000000004 42.96379
 0.002771071 75.87871
 0.002778816 95.83801
 0.002786189 108.1973
 0.002792295 111.8014
 0.002799132 106.8656
 0.0028060669999999998 93.76233
 0.002825343 41.73447
 0.00283205 26.94232
 0.002838756 16.05569
 0.0028454630000000003 8.832369
 0.0028572750000000003 1.072836
 0.002858876 3.955328E-7
 0.0028625499999999997 4.045152E-7
 0.002869427 3.895876E-7
 0.002876303 3.463612E-7
 0.002886618 2.498424E-7
 0.002896933 1.506002E-7
 0.0029038090000000003 9.722228E-8
 0.002910686 5.793752E-8
 0.002917562 3.187191E-8
 0.002924439 1.618491E-8
 0.002931315 0.
 0.003138022 0.
 0.003145745 8.986401E-9
 0.0031534690000000003 1.778161E-8
 0.003161193 3.247957E-8
 0.0031689170000000003 5.476501E-8
 0.003176641 8.524129E-8
 0.003184365 1.224759E-7
 0.003192088 1.624446E-7
 0.0031998120000000002 1.988904E-7
 0.003207536 2.247896E-7
 0.00321526 2.345268E-7
 0.003222984 2.258722E-7
 0.003230708 2.008107E-7
 0.003238432 1.64803E-7
 0.003253879 8.731388E-8
 0.003261603 5.63668E-8
 0.003269327 3.359058E-8
 0.003277051 1.847846E-8
 0.0032847749999999998 9.383564E-9
 0.003292498 0.
 0.003357724 0.
 0.003368743 1.10051E-14
 0.0033788639999999997 1.737764E-8
 0.0033853259999999997 6.898415E-8
 0.003393618 1.437466E-7
 0.003395497 1.633743E-7
 0.003403813 2.876237E-7
 0.003412652 4.835417E-7
 0.003429452 0.03166516
 0.003437851 0.05783845
 0.003446251 0.09752292
 0.003454651 0.1517929
 0.0034798499999999996 0.3541703
 0.00348825 0.4002893
 0.0034966499999999996 0.4176284
 0.00350505 0.4022166
 0.003514751 0.3476713
 0.003538649 0.155482
 0.003547049 0.1003737
 0.003555449 0.05981557
 0.003563848 0.03290503
 0.003572248 0.01670954
 0.003580648 0.
 0.003649141 0.
 0.003658123 5.85068E-15
 0.003667105 1.15769E-14
 0.003676087 2.11461E-14
 0.003685069 3.56552E-14
 0.003694051 5.54971E-14
 0.0037019609999999997 7.6841E-14
 0.003720185 0.01654538
 0.0037292970000000003 0.0302215
 0.00373896 0.05266988
 0.003747942 0.08091385
 0.003774888 0.1890442
 0.00378463 0.2171335
 0.0037938769999999998 0.2298525
 0.0038031239999999997 0.2269846
 0.003813509 0.2074434
 0.003847751 0.1048819
 0.003856863 0.08249044
 0.003865975 0.06356573
 0.003878888 0.04047385
 0.0038841989999999996 0.03021199
 0.0038914270000000003 0.02347959
 0.003897215 0.03018253
 0.003906379 0.04194959
 0.003910584 0.04798339
 0.0039201620000000005 0.07560205
 0.00392974 0.121229
 0.003939319 0.1849949
 0.003968053 0.4308045
 0.003977632 0.4922763
 0.003987210000000001 0.5188714
 0.003996788 0.5092237
 0.004006367 0.4685995
 0.004035101 0.288308
 0.004045271 0.2418825
 0.004055035 0.2090074
 0.004074565 0.1575217
 0.004082993 0.1262853
 0.004098453 0.09088358
 0.004113623 0.05398538
 0.0041233879999999995 0.03485107
 0.0041331530000000005 0.02076874
 0.004142916999999999 0.01142505
 0.004152682 0.005801756
 0.004162446 0.
 0.004190301 0.
 0.0041903109999999995 5.959874E-7
 0.0042109389999999995 0.02619457
 0.0042130710000000005 0.03066137
 0.004221852 0.09817933
 0.004232168 0.1879722
 0.004234486 0.2136143
 0.00424418 0.3563956
 0.004256009 0.6059373
 0.004268173 0.942859
 0.004290856 2.143088
 0.004306961000000001 3.191209
 0.004341941 5.789986
 0.0043548729999999996 6.467912
 0.004364450000000001 6.713178
 0.004376615 6.519465
 0.00438713 5.962975
 0.0044017200000000005 4.712911
 0.004421806 2.76993
 0.004427779000000001 2.27821
 0.0044360910000000005 1.674169
 0.004446596 1.113148
 0.004457101000000001 0.7444098
 0.004472974 0.3880096
 0.004478112 0.263813
 0.004506006 0.2021421
 0.00451649 0.1884227
 0.0045254760000000005 0.1854538
 0.004535886 0.1900575
 0.004569297 0.2427127
 0.004596533999999999 0.3104043
 0.004631247 0.4147986
 0.0046479500000000005 0.4424223
 0.004661788 0.4369517
 0.004685698 0.384229
 0.004710853 0.317983
 0.004729439 0.2889232
 0.004743582 0.2835153
 0.004762153 0.2966871
 0.004823136 0.3895412
 0.004847126 0.5492926
 0.004859164 0.6884848
 0.004871385999999999 0.9001723
 0.004890820000000001 1.360379
 0.004911488 1.880947
 0.004920654 2.057881
 0.004931568 2.184765
 0.004943141 2.196789
 0.004956328 2.047616
 0.0049721719999999995 1.715682
 0.0049961250000000006 1.125447
 0.005002436 0.9874314
 0.005012991 0.7920941
 0.00502524 0.6291026
 0.005036191 0.5273767
 0.005060024 0.4106581
 0.005086826 0.4217434
 0.005111577 0.486526
 0.005125152 0.5485821
 0.005138208 0.6357421
 0.005159053 0.8288051
 0.005180308000000001 1.047087
 0.005190148 1.128384
 0.005201044 1.188014
 0.0052132969999999995 1.203449
 0.005230528 1.128659
 0.00525563 0.9337357
 0.005274915000000001 0.7875723
 0.005286775 0.7378385
 0.005299369 0.7244354
 0.005319023 0.7678257
 0.005349139 0.8766421
 0.005361958 0.9060704
 0.005388743 0.8982289
 0.00542525 0.8569879
 0.0056 0.8463816
 0.005685381000000001 0.8359513
 0.005763723 0.8519733
 0.0067175989999999994 0.8954468
 0.008934166 1.12576
 0.011002389999999999 1.34078
 0.01105655 2.16495
 0.011085330000000001 2.908808
 0.01111241 3.961648
 0.01114061 5.463745
 0.01122073 10.59941
 0.0112505 11.79331
 0.0112754 12.13917
 0.01130315 11.65281
 0.01133223 10.3249
 0.0114086 5.398662
 0.01143569 3.974802
 0.011462769999999999 2.927457
 0.01149155 2.207138
 0.01154504 1.947037
 0.011576850000000001 2.483253
 0.01160825 3.345019
 0.01163904 4.501637
 0.01171903 8.069081
 0.01174911 8.933005
 0.011775279999999999 9.216372
 0.011805719999999999 8.84379
 0.01183942 7.746925
 0.01191582 4.392265
 0.01194411 3.407722
 0.01197239 2.71325
 0.01200068 2.290105
 0.01205725 1.85056
 0.01211253 1.959256
 0.012156229999999999 1.953309
 0.0122145 1.815062
 0.01230269 1.567202
 0.01236016 1.484116
 0.01244235 1.446058
 0.01438122 1.507927
 0.01454051 1.58486
 0.014699799999999999 1.752918
 0.01477945 1.74725
 0.01498298 1.548068
 0.015106679999999999 1.533662
 0.015573169999999999 1.758616
 0.01571622 1.694343
 0.01587606 1.608977
 0.016111900000000002 1.625916
 0.01686141 1.620678
 0.02018366 1.477816
 0.02439163 1.280902
 0.0245117 3.250544
 0.02457174 4.880138
 0.02463178 7.352059
 0.02469182 10.73329
 0.02473586 13.7622
 0.02485763 39.90162
 0.024918509999999998 57.57865
 0.02497939 81.03643
 0.02507361 129.6027
 0.025198380000000003 198.4018
 0.0252359 216.1346
 0.02530347 234.4865
 0.025360670000000002 235.781
 0.02541777 222.3775
 0.025483079999999998 191.2803
 0.02564912 87.28254
 0.025710010000000002 56.78468
 0.02577089 34.33863
 0.02583177 19.4451
 0.025923099999999998 5.862514
 0.02595354 1.232914
 0.027529690000000002 1.202667
 0.027665210000000003 1.42617
 0.027732970000000003 1.611483
 0.02780073 1.892885
 0.027885439999999997 2.395592
 0.02807715 3.741346
 0.028173800000000002 4.263395
 0.02824464 4.489965
 0.02839159 4.637543
 0.02848908 4.972126
 0.0286076 5.76433
 0.028747540000000002 6.796298
 0.028834090000000003 7.020376
 0.02893363 6.786829
 0.0289716 6.630411
 0.0291167 15.91815
 0.02918782 23.86013
 0.02926624 37.83414
 0.02934466 57.10181
 0.02954964 116.2844
 0.02963549 130.5951
 0.02970668 132.8434
 0.0297731 126.3317
 0.029853229999999998 108.5516
 0.03005192 50.97416
 0.0301154 35.96886
 0.030185899999999998 23.72143
 0.03025739 15.48681
 0.0303979 5.450629
 0.03210966 5.042891
 0.0324258 5.217773
 0.03268461 5.695282
 0.033269560000000004 7.084376
 0.033423129999999995 7.499242
 0.033589759999999996 7.55687
 0.033910420000000004 7.001397
 0.03503635 6.846341
 0.03635068 6.406337
 0.03996347 5.617565
 0.04377741 5.080143
 0.0477314 4.78545
 0.05098724 4.751947
 0.051867 4.815306
 0.0529791 4.743692
 0.0600883 5.070661
 0.0768 6.557137
 0.0990303 8.391986
 0.12330089999999999 9.768127
 0.13591070000000002 10.20227
 0.13674419999999998 11.15461
 0.1374174 26.1917
 0.137754 38.49685
 0.1380905 56.67204
 0.1384789 85.4829
 0.1394368 168.0667
 0.13980430000000002 187.4124
 0.14015809999999998 191.8702
 0.1405011 181.8139
 0.1408545 158.6924
 0.1417765 78.822
 0.14215049999999999 57.44465
 0.142466 45.43562
 0.14281339999999998 41.63682
 0.1431855 47.13838
 0.1435098 56.13904
 0.144559 116.0972
 0.14493009999999998 129.7599
 0.14527400000000001 133.9498
 0.1456536 127.4257
 0.1459715 114.7792
 0.1469865 56.58873
 0.1473354 40.23728
 0.1476851 28.18777
 0.14803329999999998 20.22293
 0.14873109999999998 10.46746
 0.1511278 10.73374
 0.1534242 11.66339
 0.1563801 11.68832
 0.15974580000000002 12.69334
 0.1726 13.37428
 0.2121871 11.56279
 0.242661 11.16911
 0.26749199999999995 11.14931
 0.2702845 11.54926
 0.27360189999999995 12.70942
 0.2757288 12.73257
 0.28028359999999997 12.32299
 0.30438129999999997 12.60586
 0.321884 12.85076
 0.37385260000000003 12.95947
 0.3816022 13.43198
 0.5401321 12.43344
 0.9022201000000001 9.245507
 1.155079 7.554617
 1.160765 12.43309
 1.163608 16.48871
 1.1664519999999998 22.6356
 1.169494 31.75438
 1.1775589999999998 61.46797
 1.181009 70.03292
 1.183887 72.41087
 1.186766 70.64005
 1.189714 65.50425
 1.1950800000000001 52.94238
 1.197725 48.85623
 1.2007269999999999 47.81486
 1.203714 50.28789
 1.2099019999999998 60.15887
 1.215012 64.62007
 1.217959 63.45691
 1.2209059999999998 59.35253
 1.229386 41.80181
 1.232332 37.11559
 1.235096 34.00169
 1.238013 32.02786
 1.243849 29.85083
 1.261292 30.99897
 1.330646 31.92363
 1.410806 30.75687
 1.509106 28.42464
 1.5210510000000002 29.29946
 1.54155 31.76565
 1.630032 29.29444
 1.664198 29.11111
 1.691847 29.8303
 1.833588 26.83125
 1.89461 26.81477
 2.264719 21.27661
 2.6760859999999997 16.94059
 3.101889 13.71984
 3.574817 11.15464
 4.10559 9.07052
 4.684088 7.418852
 5.3281350000000005 6.078601
 6.137244 4.867281
 7.021276 3.927951
 7.0658769999999995 3.902214
 7.116032000000001 4.092374
 7.142909 4.435431
 7.1710009999999995 5.09528
 7.197425 6.020045
 7.254824 8.385929
 7.2939169999999995 9.480515
 7.335675 9.951672
 7.476081 9.85278
 7.804043 9.311289
 7.868328000000001 9.721584
 7.980805 11.51305
 8.051312999999999 11.90884
 8.267141 11.73133
 8.433494 12.68059
 8.789184 12.08341
 10.14587 9.651577
 11.69205 7.681808
 13.31851 6.210843
 15.25253 4.958495
 17.20196 4.051298
 19.45792 3.282551
 22.25308 2.605703
 24.57802 2.191936
 27.65327 1.78307
 31.19303 1.441527
 35.067460000000004 1.170522
 39.44903 0.9484816
 44.67049 0.7580971
 49.06525 0.6437707
 49.331939999999996 0.6619993
 49.50483 0.709411
 49.64182 0.7879468
 49.78093 0.9225656
 49.897619999999996 1.087311
 50.03948 1.353607
 50.28037 1.924006
 50.592659999999995 2.648543
 50.80502 2.980525
 51.06326 3.183684
 51.42702 3.243517
 60.61652 2.498604
 69.34883 2.003577
 77.91362000000001 1.645352
 88.66446 1.317838
 99.88631000000001 1.0713
 112.76849999999999 0.8661207
 125.55749999999999 0.7161049
 140.6106 0.5853356
 155.4119 0.4898185
 172.7389 0.406066
 192.6677 0.3344626
 215.73760000000001 0.2736725
 241.1471 0.2252061
 269.3883 0.185872
 301.9273 0.153141
 337.354 0.1273748
 381.16889999999995 0.1045362
 429.0422 0.0868735
 484.2905 0.07238247
 549.8375 0.06030399
 622.0123 0.0509685
 701.3544 0.04368442
 796.6178 0.03749069
 912.0713000000001 0.03216948
 1070.165 0.02712407
 1286.6219999999998 0.02212651
 1546.86 0.01804974
 1859.734 0.01472411
 2235.8920000000003 0.01201122
 2688.134 0.009798177
 3231.848 0.007992881
 3885.536 0.006520208
 4671.441 0.005318872
 5616.308 0.00433888
 6752.287 0.003539449
 8118.035000000001 0.002887312
 9760.024 0.00235533
 10000. 0.004836012
