 0.001 3.047635E-9
 0.001004743 8.278136E-8
 0.001007203 1.512069E-7
 0.001009664 2.549556E-7
 0.001012125 3.968364E-7
 0.001014586 5.701802E-7
 0.001017047 7.562524E-7
 0.001019508 9.259238E-7
 0.001021969 0.000001046496
 0.00102443 0.000001091827
 0.001026891 0.000001051536
 0.001029352 9.348639E-7
 0.001031813 7.672317E-7
 0.001036735 4.064852E-7
 0.001039196 2.624127E-7
 0.001041657 1.563792E-7
 0.001044117 8.602548E-8
 0.001046578 4.368469E-8
 0.001049039 0.
 0.0016764759999999999 0.
 0.0016806019999999998 7.79591E-15
 0.001684729 1.5426E-14
 0.0016888550000000002 2.81768E-14
 0.001692981 4.75099E-14
 0.0016971080000000001 7.39487E-14
 0.001701234 1.06251E-13
 0.001705361 1.40924E-13
 0.001709487 1.72542E-13
 0.001713614 1.9501E-13
 0.00171774 2.03457E-13
 0.001721866 1.95949E-13
 0.001725993 1.74208E-13
 0.001730119 1.4297E-13
 0.001738372 7.57468E-14
 0.001742499 4.88995E-14
 0.001746625 2.91406E-14
 0.001750751 1.60305E-14
 0.0017548779999999999 8.14045E-15
 0.001759004 0.
 0.0021659580000000004 0.
 0.002175287 0.7240425
 0.00217662 0.8264218
 0.002181951 1.509527
 0.002187283 2.54527
 0.00219328 4.17755
 0.002202527 7.288045
 0.002208608 9.24367
 0.002214272 10.47559
 0.002219759 10.86308
 0.002225315 10.34202
 0.002231103 8.966157
 0.0022398889999999997 6.049164
 0.002246259 3.968325
 0.002251424 2.586712
 0.002256755 1.539265
 0.002262003 0.8522192
 0.0022700299999999997 0.2090188
 0.002272515 0.00554421
 0.002272582 0.
 0.002310519 0.
 0.002320472 0.4589686
 0.002321894 0.5238665
 0.002327581 0.9568851
 0.0023332680000000003 1.61344
 0.0023396660000000002 2.648138
 0.002349529 4.619872
 0.002356016 5.859537
 0.0023620579999999998 6.640448
 0.0023679120000000002 6.886075
 0.002373998 6.535187
 0.0023800040000000002 5.685346
 0.002389685 3.772309
 0.002396003 2.543941
 0.002401818 1.624586
 0.002407266 0.9844252
 0.002413064 0.5360422
 0.002421062 0.1556634
 0.0024242609999999996 0.
 0.002676296 0.
 0.0026861769999999997 3.261209
 0.002689471 4.334489
 0.002696058 7.917299
 0.0027026460000000004 13.34965
 0.002710057 21.91078
 0.002721597 38.39654
 0.002729407 48.87571
 0.002736187 55.0127
 0.002743112 56.86793
 0.002749824 54.07235
 0.0027565280000000003 47.37607
 0.0027668980000000003 32.83526
 0.0027751069999999997 21.28385
 0.002781694 13.74011
 0.002788282 8.188123
 0.0027948689999999997 4.504354
 0.002808044 0.05194652
 0.002813785 0.08838015
 0.0028206769999999997 0.1614336
 0.002827569 0.2721992
 0.002834461 0.4236758
 0.00284566 0.7327922
 0.0028551360000000003 0.9885471
 0.002862028 1.117274
 0.00286892 1.165671
 0.002875812 1.122655
 0.0028827040000000003 0.9980919
 0.0028930410000000003 0.7199583
 0.002903379 0.4339772
 0.0029102710000000003 0.2801606
 0.002917163 0.1669557
 0.002924055 0.0918437
 0.00293267 0.03500007
 0.002937838 1.1617E-7
 0.002943457 1.797538E-7
 0.002950649 3.030897E-7
 0.002957841 4.717565E-7
 0.0029650329999999997 6.778266E-7
 0.002972224 8.99028E-7
 0.002979416 0.000001100732
 0.002986608 0.000001244068
 0.0029938 0.000001297957
 0.003000992 0.000001250059
 0.0030081839999999997 0.00000111136
 0.003015376 9.120802E-7
 0.003029759 4.832271E-7
 0.003036951 3.119546E-7
 0.003044143 1.859026E-7
 0.0030513349999999996 1.022665E-7
 0.003058527 5.193208E-8
 0.003065718 0.
 0.003165778 0.
 0.003179415 7.710476
 0.003181363 8.800733
 0.003189155 16.07526
 0.003196947 27.10509
 0.003205713 44.48758
 0.003219365 77.96021
 0.003228603 99.23709
 0.003237169 112.0347
 0.0032447739999999997 115.4863
 0.00325265 109.9531
 0.003260684 96.19222
 0.003272951 66.6686
 0.003282661 43.21466
 0.003290453 27.89788
 0.003298245 16.62514
 0.003306037 9.145625
 0.003317726 2.324855
 0.0033216219999999998 0.
 0.0034586689999999997 0.
 0.003467182 2.88739E-14
 0.003475695 5.71334E-14
 0.003484208 1.04359E-13
 0.0034927219999999998 1.75963E-13
 0.003501235 2.73885E-13
 0.0035074679999999997 3.6143E-13
 0.0035247349999999998 7.763208E-8
 0.003526168 8.82643E-8
 0.003533368 2.499987E-7
 0.003542001 4.747973E-7
 0.0035437999999999997 5.316773E-7
 0.003552313 8.79314E-7
 0.0035608849999999997 0.000001377454
 0.003569564 0.000002018265
 0.003588279 0.000003578725
 0.0036059430000000003 0.1012922
 0.003614775 0.1850147
 0.003623607 0.3119569
 0.00363244 0.4855553
 0.003658936 1.132921
 0.0036677679999999996 1.280448
 0.0036766 1.335912
 0.0036854319999999998 1.286614
 0.003695965 1.104443
 0.00372076 0.4973574
 0.003729593 0.3210766
 0.003738425 0.1913387
 0.003747257 0.105257
 0.0037560889999999998 0.05345066
 0.003764921 0.
 0.003921702 0.
 0.003931355 9.49417E-15
 0.003941008 1.87864E-14
 0.003950661 3.43148E-14
 0.003960313 5.78595E-14
 0.003969965999999999 9.00578E-14
 0.003979619 1.29396E-13
 0.003989272 1.71623E-13
 0.003998924 2.10129E-13
 0.0040067 2.3216E-13
 0.004006817 0.0000304965
 0.004026542 0.1055555
 0.004036404 0.1927904
 0.004046266 0.3250471
 0.004056841 0.5218227
 0.004085596 1.177598
 0.004095578 1.339864
 0.00410544 1.418367
 0.0041153019999999995 1.400781
 0.004130096000000001 1.24244
 0.004144889 1.045821
 0.004154751 0.9619408
 0.004164614 0.9357941
 0.0041941999999999995 1.030076
 0.004211411 0.9613099
 0.004223671 0.8337846
 0.004253892 0.3901363
 0.004263965999999999 0.2795973
 0.00427285 0.2139836
 0.004281689 0.1753145
 0.004291804999999999 0.1500258
 0.004295072 0.1478724
 0.00430572 0.1550195
 0.004312036 0.1761756
 0.004316993000000001 0.2007774
 0.004327593 0.2433689
 0.004338193000000001 0.2968043
 0.004348792000000001 0.3695585
 0.004360638 0.4821787
 0.0043928380000000005 0.8940039
 0.00440179 0.9837639
 0.0044123899999999995 1.03635
 0.00442299 1.024652
 0.004438454 0.9019995
 0.0044562429999999995 0.6901758
 0.00445849 0.6614684
 0.004468201 0.5868625
 0.004475987999999999 0.5450399
 0.004480438 0.5312045
 0.004486587 0.5280406
 0.004491412 0.537989
 0.0045011949999999995 0.6137701
 0.004514394 0.8206218
 0.0045233 1.0321
 0.004549661 1.762879
 0.004559409 1.966777
 0.004570202000000001 2.075875
 0.004580908 2.057992
 0.004589396000000001 1.986544
 0.004612477 2.293398
 0.00462336 2.691745
 0.004634592 3.495058
 0.004646036 4.773673
 0.004679371999999999 9.659493
 0.0046913810000000005 10.86505
 0.0047025850000000004 11.284
 0.004714792 10.83587
 0.0047275239999999994 9.539692
 0.004758915 5.094269
 0.00476999 3.784477
 0.004781161 2.775013
 0.0047922550000000005 2.060185
 0.00481396 1.101446
 0.004842063999999999 0.9150661
 0.004872415000000001 0.7616088
 0.004925008 0.5956797
 0.004942374 0.5726355
 0.004964618 0.5864084
 0.004978354 0.6343462
 0.0049903280000000005 0.7051767
 0.005001744000000001 0.7948942
 0.005041755 1.166858
 0.005063648 1.284333
 0.005081658 1.289266
 0.005109545 1.212646
 0.005135002 1.428403
 0.005149071 1.693845
 0.005161893 2.066012
 0.005180039 2.786015
 0.005206516 3.950092
 0.0052191139999999995 4.345112
 0.005232503 4.509863
 0.005237891 4.508835
 0.005250952 4.282747
 0.0052659790000000005 3.755878
 0.005298245 2.358652
 0.005311795 1.912829
 0.005323947999999999 1.629311
 0.005336799 1.43793
 0.005361075 1.220488
 0.005388204 1.37461
 0.005405709 1.5499
 0.005420467 1.762905
 0.005464470999999999 2.5809
 0.005481715 2.778287
 0.005498655 2.786066
 0.0055133019999999994 2.673589
 0.005550944 2.148952
 0.005562472 2.03627
 0.005573921 1.977611
 0.005592888 2.011049
 0.005635493 2.249863
 0.005667877 2.294712
 0.005742363 2.276231
 0.005932088 2.277385
 0.006020092 2.360201
 0.006365959 2.408146
 0.009120108 3.08014
 0.010865159999999999 3.321175
 0.012832320000000001 3.325715
 0.015531920000000001 3.011402
 0.018931620000000003 2.462052
 0.019024819999999998 4.431001
 0.01907142 6.063279
 0.01911801 8.542103
 0.01916461 11.93477
 0.0193044 24.59245
 0.019351 27.47462
 0.019403419999999998 28.43226
 0.01945002 27.23117
 0.01950016 23.93859
 0.01956571 18.04243
 0.01964631 25.57259
 0.01966203 27.23078
 0.01971019 38.74065
 0.019761360000000002 60.42629
 0.01981007 90.00058
 0.01988351 146.1381
 0.019953989999999998 199.2947
 0.02000694 224.6908
 0.02005294 231.7123
 0.02010261 220.5447
 0.02015227 193.2215
 0.02023401 129.7669
 0.020288089999999998 88.03876
 0.02033625 57.62721
 0.020384410000000002 35.24327
 0.02043257 20.38911
 0.020504810000000002 6.839232
 0.020528889999999998 2.220843
 0.0224876 1.962992
 0.0225983 2.257484
 0.02265365 2.505398
 0.022709 2.884981
 0.02277819 3.566023
 0.0229304 5.356712
 0.02298575 5.799302
 0.02305221 5.927472
 0.02316613 5.491373
 0.02326798 4.804385
 0.02331917 4.679406
 0.02338388 4.927081
 0.02345319 5.616807
 0.023552930000000003 6.897686
 0.02360992 7.435214
 0.02366691 7.767595
 0.02373498 7.708025
 0.02386734 6.719746
 0.023925059999999998 6.230287
 0.0239751 5.947531
 0.02405637 5.760986
 0.02425431 5.952212
 0.02435484 6.131113
 0.02495667 5.795139
 0.02617424 5.553279
 0.027284430000000002 5.191656
 0.02741874 14.57315
 0.0274859 22.34152
 0.027557250000000002 35.13699
 0.027628609999999998 52.72073
 0.02782206 110.5107
 0.02789784 124.8287
 0.02796545 128.6352
 0.02802932 123.4561
 0.02809978 108.5875
 0.028291789999999997 51.15595
 0.02835894 34.73305
 0.0284261 22.64079
 0.02849326 14.61145
 0.02862757 4.779211
 0.030840399999999997 4.1787
 0.031068129999999996 4.283583
 0.03121995 4.508747
 0.03162602 5.43862
 0.03184058 5.835458
 0.03212205 6.744955
 0.03220771 6.869482
 0.03235863 6.723728
 0.03260329 6.267478
 0.033058159999999996 6.235492
 0.0336211 6.265485
 0.035080599999999997 5.843736
 0.0424131 4.214765
 0.04665308 3.499517
 0.04714624 3.592693
 0.04772544 3.887933
 0.04806779 3.823498
 0.04864872 3.349359
 0.049126409999999995 3.278279
 0.04976656 3.267342
 0.054377379999999996 2.679115
 0.05985272 2.18601
 0.0665549 1.769795
 0.073728 1.462591
 0.0826858 1.196624
 0.08548470000000001 1.131608
 0.08590552 2.858903
 0.08611593 4.289588
 0.0862772 5.952986
 0.08637329 15.00066
 0.08670192 46.74932
 0.08691428 79.11676
 0.08712663999999999 125.9731
 0.08736776 197.875
 0.08785181 365.8572
 0.08802277 416.7222
 0.08825409000000001 457.29
 0.08846227 461.8442
 0.08867211 433.1377
 0.08887962 377.4199
 0.0894626 171.3005
 0.08967496 110.3865
 0.08988731999999999 66.15482
 0.09009968 36.85754
 0.09036513 14.68397
 0.0905244 1.031314
 0.09198442 1.006112
 0.09249944 1.172208
 0.09254649 1.195873
 0.09300207 25.72691
 0.09322986 45.98145
 0.09347188999999999 79.2006
 0.09369959 121.6183
 0.09423184 242.5808
 0.09443146 282.749
 0.09466811 312.1577
 0.09488305999999999 318.3327
 0.09510704 301.2793
 0.09535402999999999 259.5127
 0.09598791 116.6879
 0.09620693000000001 77.04732
 0.09642579 47.65244
 0.09664673 27.80253
 0.09708047 4.120108
 0.09710231 2.905262
 0.09855750999999999 3.839111
 0.0992899 4.569569
 0.09980249 5.324558
 0.1007625 6.999272
 0.1012426 7.40042
 0.10251 7.386797
 0.10382870000000001 8.122871
 0.1073 10.10454
 0.1098 10.98582
 0.1122913 11.25993
 0.1157 10.8449
 0.1293461 7.786891
 0.13889579999999999 6.117908
 0.1491432 4.725016
 0.1591957 3.729816
 0.1679757 3.094944
 0.1778045 2.576181
 0.1839171 2.384083
 0.18529810000000002 2.485914
 0.1879924 3.043015
 0.18903 3.126164
 0.2089785 2.635696
 0.2244295 2.39905
 0.2264844 2.39307
 0.2282161 2.506688
 0.2294259 2.700129
 0.23105 3.051991
 0.23215 3.161821
 0.23336320000000002 3.056948
 0.2355204 2.773377
 0.2757539 2.567738
 0.2869166 2.568603
 0.2906021 2.723735
 0.29380219999999996 2.84069
 0.30349879999999996 2.775848
 0.3351188 2.835402
 0.3376372 3.003809
 0.3392559 3.256362
 0.3425813 3.929001
 0.3433856 3.985701
 0.3452741 3.890132
 0.3476309 3.700957
 0.3493304 3.820338
 0.3522191 4.204943
 0.3536243 4.232795
 0.3578115 3.798855
 0.3611109 3.740373
 0.37143750000000003 4.136644
 0.3765 4.507155
 0.38243750000000004 5.207267
 0.3892472 6.403249
 0.3974987 8.337798
 0.4128981 12.78309
 0.4392852 20.79664
 0.4609977 26.13561
 0.4817611 29.94007
 0.5132585 33.6018
 0.55 35.86504
 0.6109585000000001 36.92272
 0.6517822 36.65681
 0.6565515 38.36657
 0.6608476 42.58157
 0.6657551 48.24751
 0.6683439 49.10048
 0.6716136 47.04641
 0.6776465 41.12895
 0.6839116000000001 39.25384
 0.6924161 40.087
 0.6986928 43.06892
 0.7039148 46.11823
 0.7079598 45.96876
 0.7173232 41.50247
 0.7245688 40.82683
 0.9066858 36.69016
 0.937846 36.17055
 0.95618 37.56925
 1.144705 32.64274
 1.3078049999999999 29.5744
 1.680979 23.12381
 2.0018380000000002 19.053
 2.364808 15.67871
 2.792644 12.79675
 3.2492929999999998 10.57486
 3.265558 11.69545
 3.273625 12.68429
 3.281692 14.23327
 3.28971 16.40716
 3.321783 28.31951
 3.3298020000000004 30.32585
 3.3378200000000002 31.31916
 3.34908 30.99219
 3.386161 25.89385
 3.4092469999999997 24.33335
 3.4347890000000003 25.64116
 3.4518180000000003 28.0367
 3.485487 35.63015
 3.5021 37.41299
 3.5204519999999997 36.55787
 3.55997 33.01573
 3.591262 32.10544
 3.9669309999999998 27.83051
 4.0153 28.98899
 4.066695999999999 30.59064
 4.737228 24.69931
 4.889228 24.95485
 5.111643 23.59964
 5.266628 23.40809
 6.104147 18.94608
 7.1177660000000005 15.10792
 8.222426 12.16751
 9.203088999999999 10.24585
 10.457040000000001 8.417238
 11.91928 6.861593
 13.39249 5.713931
 15.40122 4.57603
 15.925930000000001 4.351919
 16.03936 4.454186
 16.11365 4.765767
 16.174899999999997 5.289016
 16.24576 6.22101
 16.383809999999997 8.347828
 16.47938 9.276365
 16.61047 9.657663
 19.36056 7.550494
 19.54345 7.680046
 19.69605 8.322807
 19.89183 9.474062
 20.05879 9.890713
 20.32313 10.08038
 20.65997 10.81544
 21.13489 10.65364
 24.62152 8.424546
 28.34653 6.753046
 32.55204 5.408084
 36.51433 4.486135
 40.76552 3.745691
 45.73349 3.096817
 51.77417 2.517149
 58.64835 2.040969
 66.11762 1.665667
 74.6395 1.355936
 83.68619 1.114515
 93.52122 0.9215789
 106.4413 0.7382749
 107.6914 0.7330248
 108.22030000000001 0.763351
 108.5929 0.8282602
 108.9119 0.9341294
 109.1936 1.078187
 109.5783 1.354941
 110.63430000000001 2.322853
 111.13119999999999 2.652773
 111.7292 2.852601
 112.6534 2.909394
 130.8622 2.317772
 149.665 1.87585
 168.5343 1.555068
 190.4638 1.280931
 214.7972 1.059203
 242.76600000000002 0.8736214
 271.4876 0.7343527
 306.8451 0.6090677
 348.36240000000004 0.5044149
 397.53470000000004 0.4165141
 455.3955 0.3447204
 518.0803000000001 0.2902431
 590.5409000000001 0.2455657
 671.9604999999999 0.2099881
 773.3898 0.1786104
 900.2746000000001 0.1514025
 1120.6009999999999 0.1197743
 1286.6219999999998 0.1023201
 1480.1390000000001 0.08722322
 1696.0980000000002 0.07467159
 1947.381 0.06379002
 2235.8920000000003 0.05449417
 2567.148 0.04655296
 2947.48 0.03976899
 3384.16 0.03397363
 3885.536 0.02902279
 4461.192 0.02479342
 5122.134 0.02118038
 5880.996 0.01809386
 6801.197 0.01533561
 8118.035000000001 0.01252924
 9320.751 0.01070341
 9760.024 0.01015597
 10000. 0.0211779
